-5.381184 -0.863979 -0.239317 0.414839 -2.378660 -1.029667 5.455353
-5.377036 -0.887765 -0.249614 0.427913 -2.376502 -1.029060 5.455543
-5.372757 -0.911530 -0.259905 0.440974 -2.374286 -1.028428 5.455727
-5.368347 -0.935273 -0.270189 0.454024 -2.372012 -1.027771 5.455904
-5.363807 -0.958993 -0.280467 0.467062 -2.369681 -1.027089 5.456075
-5.359136 -0.982690 -0.290738 0.480086 -2.367293 -1.026383 5.456240
-5.354335 -1.006363 -0.301001 0.493099 -2.364847 -1.025651 5.456398
-5.349404 -1.030011 -0.311258 0.506098 -2.362345 -1.024895 5.456550
-5.344344 -1.053635 -0.321507 0.519083 -2.359784 -1.024114 5.456695
-5.339153 -1.077233 -0.331748 0.532055 -2.357167 -1.023308 5.456834
-5.333832 -1.100804 -0.341981 0.545014 -2.354493 -1.022477 5.456967
-5.328382 -1.124349 -0.352206 0.557958 -2.351761 -1.021621 5.457093
-5.322802 -1.147867 -0.362422 0.570887 -2.348973 -1.020741 5.457213
-5.317094 -1.171357 -0.372630 0.583802 -2.346128 -1.019836 5.457327
-5.311256 -1.194818 -0.382828 0.596702 -2.343226 -1.018906 5.457434
-5.305288 -1.218250 -0.393017 0.609587 -2.340267 -1.017952 5.457534
-5.299193 -1.241653 -0.403196 0.622457 -2.337252 -1.016972 5.457629
-5.292968 -1.265025 -0.413366 0.635310 -2.334180 -1.015969 5.457717
-5.286615 -1.288367 -0.423526 0.648148 -2.331051 -1.014940 5.457798
-5.280133 -1.311678 -0.433675 0.660969 -2.327866 -1.013887 5.457873
-5.273524 -1.334956 -0.443814 0.673774 -2.324625 -1.012809 5.457942
-5.266786 -1.358203 -0.453942 0.686562 -2.321327 -1.011707 5.458004
-5.259920 -1.381416 -0.464059 0.699333 -2.317973 -1.010580 5.458060
-5.252927 -1.404596 -0.474165 0.712087 -2.314563 -1.009429 5.458110
-5.245806 -1.427741 -0.484259 0.724823 -2.311096 -1.008254 5.458153
-5.238558 -1.450852 -0.494342 0.737541 -2.307574 -1.007053 5.458190
-5.231183 -1.473928 -0.504412 0.750241 -2.303996 -1.005829 5.458220
-5.223680 -1.496968 -0.514471 0.762923 -2.300361 -1.004580 5.458244
-5.216051 -1.519972 -0.524517 0.775586 -2.296671 -1.003306 5.458261
-5.208295 -1.542938 -0.534550 0.788230 -2.292925 -1.002009 5.458273
-5.200413 -1.565867 -0.544570 0.800855 -2.289124 -1.000687 5.458277
-5.192404 -1.588759 -0.554577 0.813461 -2.285267 -0.999340 5.458275
-5.184270 -1.611611 -0.564570 0.826046 -2.281355 -0.997970 5.458267
-5.176009 -1.634425 -0.574550 0.838612 -2.277387 -0.996575 5.458253
-5.167623 -1.657199 -0.584515 0.851158 -2.273363 -0.995156 5.458232
-5.159111 -1.679932 -0.594467 0.863683 -2.269285 -0.993713 5.458204
-5.150475 -1.702625 -0.604404 0.876188 -2.265151 -0.992245 5.458171
-5.141713 -1.725277 -0.614327 0.888671 -2.260962 -0.990754 5.458130
-5.132826 -1.747886 -0.624234 0.901133 -2.256719 -0.989238 5.458084
-5.123815 -1.770454 -0.634126 0.913574 -2.252420 -0.987698 5.458031
-5.114679 -1.792978 -0.644003 0.925993 -2.248066 -0.986135 5.457971
-5.105419 -1.815458 -0.653865 0.938390 -2.243658 -0.984547 5.457905
-5.096035 -1.837895 -0.663710 0.950765 -2.239195 -0.982935 5.457833
-5.086527 -1.860287 -0.673540 0.963117 -2.234678 -0.981300 5.457755
-5.076896 -1.882634 -0.683353 0.975446 -2.230106 -0.979640 5.457670
-5.067142 -1.904935 -0.693149 0.987752 -2.225479 -0.977957 5.457578
-5.057264 -1.927190 -0.702929 1.000035 -2.220799 -0.976249 5.457480
-5.047264 -1.949398 -0.712691 1.012294 -2.216064 -0.974518 5.457376
-5.037141 -1.971558 -0.722436 1.024530 -2.211275 -0.972764 5.457265
-5.026896 -1.993671 -0.732164 1.036741 -2.206432 -0.970985 5.457148
-5.016528 -2.015735 -0.741874 1.048928 -2.201535 -0.969183 5.457025
-5.006039 -2.037751 -0.751566 1.061090 -2.196584 -0.967357 5.456895
-4.995428 -2.059716 -0.761239 1.073228 -2.191580 -0.965507 5.456759
-4.984696 -2.081632 -0.770894 1.085340 -2.186521 -0.963634 5.456617
-4.973843 -2.103497 -0.780531 1.097427 -2.181410 -0.961737 5.456468
-4.962868 -2.125312 -0.790148 1.109488 -2.176244 -0.959817 5.456312
-4.951773 -2.147074 -0.799746 1.121524 -2.171026 -0.957873 5.456151
-4.940558 -2.168784 -0.809325 1.133533 -2.165754 -0.955906 5.455983
-4.929223 -2.190442 -0.818884 1.145516 -2.160429 -0.953915 5.455808
-4.917768 -2.212046 -0.828423 1.157472 -2.155051 -0.951901 5.455627
-4.906193 -2.233597 -0.837942 1.169401 -2.149620 -0.949864 5.455440
-4.894499 -2.255093 -0.847441 1.181303 -2.144137 -0.947803 5.455247
-4.882686 -2.276534 -0.856919 1.193178 -2.138600 -0.945719 5.455047
-4.870754 -2.297920 -0.866376 1.205025 -2.133011 -0.943612 5.454841
-4.858704 -2.319250 -0.875812 1.216844 -2.127369 -0.941481 5.454628
-4.846535 -2.340524 -0.885227 1.228635 -2.121675 -0.939327 5.454410
-4.834249 -2.361741 -0.894620 1.240398 -2.115928 -0.937151 5.454184
-4.821845 -2.382900 -0.903992 1.252131 -2.110130 -0.934951 5.453953
-4.809324 -2.404001 -0.913341 1.263836 -2.104279 -0.932728 5.453715
-4.796685 -2.425044 -0.922668 1.275512 -2.098376 -0.930482 5.453471
-4.783930 -2.446028 -0.931973 1.287158 -2.092421 -0.928213 5.453221
-4.771059 -2.466952 -0.941255 1.298775 -2.086415 -0.925922 5.452964
-4.758071 -2.487816 -0.950515 1.310361 -2.080357 -0.923607 5.452701
-4.744967 -2.508620 -0.959751 1.321918 -2.074247 -0.921269 5.452432
-4.731748 -2.529362 -0.968963 1.333444 -2.068086 -0.918909 5.452156
-4.718414 -2.550043 -0.978152 1.344939 -2.061873 -0.916526 5.451874
-4.704964 -2.570662 -0.987318 1.356403 -2.055609 -0.914120 5.451586
-4.691400 -2.591218 -0.996459 1.367836 -2.049294 -0.911692 5.451291
-4.677722 -2.611711 -1.005576 1.379238 -2.042929 -0.909241 5.450991
-4.663930 -2.632140 -1.014668 1.390608 -2.036512 -0.906767 5.450684
-4.650023 -2.652505 -1.023736 1.401946 -2.030044 -0.904271 5.450370
-4.636004 -2.672806 -1.032779 1.413252 -2.023526 -0.901753 5.450051
-4.621871 -2.693041 -1.041796 1.424525 -2.016957 -0.899211 5.449725
-4.607626 -2.713211 -1.050788 1.435766 -2.010338 -0.896648 5.449393
-4.593269 -2.733314 -1.059755 1.446974 -2.003669 -0.894062 5.449055
-4.578799 -2.753351 -1.068695 1.458148 -1.996949 -0.891454 5.448711
-4.564217 -2.773320 -1.077610 1.469289 -1.990180 -0.888824 5.448360
-4.549524 -2.793222 -1.086498 1.480397 -1.983360 -0.886171 5.448003
-4.534721 -2.813056 -1.095360 1.491470 -1.976491 -0.883496 5.447640
-4.519806 -2.832820 -1.104195 1.502509 -1.969572 -0.880799 5.447271
-4.504781 -2.852516 -1.113003 1.513514 -1.962603 -0.878080 5.446896
-4.489646 -2.872142 -1.121784 1.524485 -1.955586 -0.875339 5.446514
-4.474401 -2.891698 -1.130537 1.535420 -1.948518 -0.872576 5.446126
-4.459047 -2.911183 -1.139263 1.546320 -1.941402 -0.869791 5.445733
-4.443583 -2.930597 -1.147961 1.557185 -1.934236 -0.866984 5.445333
-4.428011 -2.949940 -1.156630 1.568014 -1.927022 -0.864156 5.444926
-4.412331 -2.969210 -1.165272 1.578807 -1.919759 -0.861305 5.444514
-4.396543 -2.988407 -1.173885 1.589564 -1.912447 -0.858433 5.444096
-4.380648 -3.007532 -1.182469 1.600285 -1.905087 -0.855539 5.443671
-4.364645 -3.026583 -1.191025 1.610969 -1.897678 -0.852624 5.443241
-4.348535 -3.045560 -1.199551 1.621616 -1.890221 -0.849687 5.442804
-4.332319 -3.064462 -1.208048 1.632226 -1.882716 -0.846728 5.442361
-4.315997 -3.083289 -1.216515 1.642799 -1.875163 -0.843748 5.441912
-4.299569 -3.102041 -1.224953 1.653334 -1.867563 -0.840747 5.441457
-4.283035 -3.120716 -1.233360 1.663831 -1.859914 -0.837724 5.440996
-4.266397 -3.139315 -1.241737 1.674290 -1.852218 -0.834680 5.440529
-4.249654 -3.157838 -1.250084 1.684711 -1.844474 -0.831614 5.440056
-4.232807 -3.176282 -1.258400 1.695094 -1.836684 -0.828528 5.439577
-4.215856 -3.194649 -1.266686 1.705437 -1.828846 -0.825420 5.439092
-4.198802 -3.212938 -1.274940 1.715742 -1.820961 -0.822291 5.438600
-4.181644 -3.231147 -1.283163 1.726007 -1.813029 -0.819141 5.438103
-4.164384 -3.249277 -1.291354 1.736232 -1.805050 -0.815970 5.437600
-4.147022 -3.267328 -1.299514 1.746418 -1.797025 -0.812779 5.437091
-4.129558 -3.285298 -1.307642 1.756564 -1.788953 -0.809566 5.436576
-4.111992 -3.303188 -1.315737 1.766669 -1.780836 -0.806332 5.436055
-4.094325 -3.320996 -1.323801 1.776735 -1.772672 -0.803078 5.435528
-4.076558 -3.338723 -1.331831 1.786759 -1.764462 -0.799803 5.434995
-4.058690 -3.356367 -1.339829 1.796742 -1.756206 -0.796507 5.434456
-4.040723 -3.373929 -1.347795 1.806684 -1.747904 -0.793191 5.433911
-4.022656 -3.391409 -1.355726 1.816585 -1.739557 -0.789854 5.433361
-4.004490 -3.408804 -1.363625 1.826444 -1.731165 -0.786497 5.432804
-3.986226 -3.426116 -1.371490 1.836261 -1.722727 -0.783119 5.432242
-3.967863 -3.443343 -1.379321 1.846036 -1.714244 -0.779721 5.431673
-3.949403 -3.460485 -1.387118 1.855769 -1.705716 -0.776303 5.431099
-3.930845 -3.477543 -1.394881 1.865459 -1.697144 -0.772865 5.430519
-3.912191 -3.494514 -1.402610 1.875106 -1.688527 -0.769406 5.429934
-3.893440 -3.511399 -1.410304 1.884710 -1.679865 -0.765927 5.429342
-3.874592 -3.528198 -1.417963 1.894271 -1.671159 -0.762428 5.428745
-3.855650 -3.544910 -1.425588 1.903788 -1.662409 -0.758909 5.428141
-3.836612 -3.561534 -1.433177 1.913261 -1.653615 -0.755371 5.427532
-3.817479 -3.578070 -1.440730 1.922690 -1.644777 -0.751812 5.426918
-3.798252 -3.594518 -1.448249 1.932075 -1.635896 -0.748234 5.426297
-3.778932 -3.610877 -1.455731 1.941416 -1.626971 -0.744635 5.425671
-3.759517 -3.627146 -1.463177 1.950711 -1.618002 -0.741018 5.425039
-3.740010 -3.643326 -1.470587 1.959962 -1.608991 -0.737380 5.424401
-3.720411 -3.659416 -1.477961 1.969168 -1.599936 -0.733723 5.423758
-3.700719 -3.675416 -1.485298 1.978328 -1.590838 -0.730047 5.423109
-3.680936 -3.691324 -1.492599 1.987442 -1.581698 -0.726351 5.422454
-3.661061 -3.707141 -1.499862 1.996511 -1.572516 -0.722636 5.421794
-3.641096 -3.722866 -1.507089 2.005533 -1.563291 -0.718901 5.421128
-3.621041 -3.738499 -1.514278 2.014509 -1.554023 -0.715147 5.420457
-3.600896 -3.754039 -1.521429 2.023439 -1.544714 -0.711375 5.419779
-3.580661 -3.769486 -1.528543 2.032321 -1.535363 -0.707583 5.419097
-3.560338 -3.784840 -1.535619 2.041157 -1.525970 -0.703772 5.418408
-3.539927 -3.800100 -1.542657 2.049945 -1.516536 -0.699942 5.417714
-3.519427 -3.815265 -1.549656 2.058686 -1.507061 -0.696093 5.417015
-3.498840 -3.830336 -1.556617 2.067379 -1.497544 -0.692226 5.416310
-3.478167 -3.845311 -1.563539 2.076024 -1.487986 -0.688340 5.415599
-3.457406 -3.860191 -1.570423 2.084621 -1.478388 -0.684435 5.414883
-3.436560 -3.874975 -1.577267 2.093170 -1.468749 -0.680511 5.414162
-3.415628 -3.889662 -1.584072 2.101669 -1.459069 -0.676569 5.413435
-3.394612 -3.904253 -1.590838 2.110120 -1.449349 -0.672609 5.412702
-3.373511 -3.918746 -1.597564 2.118522 -1.439590 -0.668630 5.411964
-3.352325 -3.933142 -1.604250 2.126875 -1.429790 -0.664633 5.411221
-3.331057 -3.947440 -1.610896 2.135178 -1.419950 -0.660618 5.410472
-3.309705 -3.961640 -1.617503 2.143431 -1.410072 -0.656584 5.409718
-3.288270 -3.975740 -1.624068 2.151634 -1.400153 -0.652532 5.408959
-3.266754 -3.989742 -1.630594 2.159787 -1.390196 -0.648463 5.408194
-3.245156 -4.003644 -1.637078 2.167890 -1.380199 -0.644375 5.407424
-3.223477 -4.017446 -1.643522 2.175942 -1.370164 -0.640270 5.406648
-3.201718 -4.031148 -1.649925 2.183943 -1.360090 -0.636147 5.405867
-3.179879 -4.044749 -1.656286 2.191893 -1.349978 -0.632006 5.405081
-3.157960 -4.058248 -1.662606 2.199792 -1.339828 -0.627848 5.404290
-3.135962 -4.071647 -1.668885 2.207639 -1.329639 -0.623672 5.403493
-3.113885 -4.084943 -1.675122 2.215434 -1.319413 -0.619478 5.402691
-3.091731 -4.098137 -1.681316 2.223177 -1.309149 -0.615267 5.401884
-3.069499 -4.111229 -1.687469 2.230868 -1.298848 -0.611039 5.401072
-3.047190 -4.124217 -1.693579 2.238507 -1.288510 -0.606794 5.400254
-3.024805 -4.137102 -1.699647 2.246093 -1.278134 -0.602531 5.399432
-3.002344 -4.149884 -1.705673 2.253626 -1.267722 -0.598251 5.398604
-2.979808 -4.162561 -1.711655 2.261106 -1.257273 -0.593955 5.397771
-2.957197 -4.175133 -1.717595 2.268533 -1.246787 -0.589641 5.396933
-2.934512 -4.187601 -1.723491 2.275906 -1.236265 -0.585311 5.396090
-2.911753 -4.199964 -1.729344 2.283226 -1.225708 -0.580963 5.395242
-2.888921 -4.212221 -1.735154 2.290491 -1.215114 -0.576600 5.394388
-2.866016 -4.224372 -1.740920 2.297703 -1.204485 -0.572219 5.393530
-2.843039 -4.236417 -1.746642 2.304860 -1.193820 -0.567822 5.392667
-2.819990 -4.248355 -1.752320 2.311962 -1.183120 -0.563409 5.391799
-2.796870 -4.260186 -1.757954 2.319010 -1.172385 -0.558979 5.390925
-2.773680 -4.271910 -1.763544 2.326002 -1.161615 -0.554533 5.390047
-2.750420 -4.283526 -1.769089 2.332940 -1.150811 -0.550071 5.389164
-2.727091 -4.295035 -1.774590 2.339821 -1.139972 -0.545593 5.388276
-2.703693 -4.306434 -1.780046 2.346648 -1.129100 -0.541098 5.387383
-2.680226 -4.317725 -1.785457 2.353418 -1.118193 -0.536588 5.386485
-2.656692 -4.328907 -1.790823 2.360133 -1.107252 -0.532062 5.385582
-2.633091 -4.339980 -1.796144 2.366791 -1.096278 -0.527520 5.384675
-2.609423 -4.350943 -1.801419 2.373392 -1.085271 -0.522963 5.383762
-2.585689 -4.361795 -1.806648 2.379937 -1.074230 -0.518390 5.382845
-2.561889 -4.372538 -1.811832 2.386425 -1.063157 -0.513802 5.381923
-2.538025 -4.383169 -1.816970 2.392856 -1.052051 -0.509198 5.380997
-2.514097 -4.393690 -1.822062 2.399229 -1.040912 -0.504579 5.380065
-2.490104 -4.404099 -1.827108 2.405545 -1.029742 -0.499944 5.379129
-2.466049 -4.414396 -1.832108 2.411804 -1.018539 -0.495295 5.378188
-2.441931 -4.424582 -1.837061 2.418004 -1.007304 -0.490630 5.377243
-2.417751 -4.434655 -1.841967 2.424146 -0.996038 -0.485951 5.376293
-2.393509 -4.444615 -1.846826 2.430230 -0.984741 -0.481257 5.375338
-2.369207 -4.454462 -1.851639 2.436255 -0.973413 -0.476548 5.374378
-2.344845 -4.464196 -1.856404 2.442222 -0.962053 -0.471824 5.373414
-2.320422 -4.473817 -1.861123 2.448129 -0.950663 -0.467086 5.372446
-2.295941 -4.483324 -1.865793 2.453978 -0.939243 -0.462333 5.371473
-2.271401 -4.492716 -1.870417 2.459767 -0.927792 -0.457566 5.370495
-2.246804 -4.501994 -1.874992 2.465496 -0.916312 -0.452784 5.369513
-2.222149 -4.511157 -1.879520 2.471166 -0.904802 -0.447989 5.368527
-2.197437 -4.520205 -1.884000 2.476776 -0.893262 -0.443179 5.367536
-2.172669 -4.529138 -1.888432 2.482326 -0.881693 -0.438356 5.366540
-2.147846 -4.537955 -1.892816 2.487815 -0.870095 -0.433518 5.365541
-2.122968 -4.546656 -1.897151 2.493244 -0.858469 -0.428667 5.364536
-2.098035 -4.555240 -1.901437 2.498612 -0.846813 -0.423801 5.363528
-2.073049 -4.563708 -1.905675 2.503919 -0.835130 -0.418923 5.362515
-2.048010 -4.572060 -1.909865 2.509165 -0.823418 -0.414031 5.361498
-2.022918 -4.580294 -1.914005 2.514350 -0.811679 -0.409125 5.360476
-1.997775 -4.588411 -1.918096 2.519473 -0.799912 -0.404206 5.359451
-1.972580 -4.596410 -1.922138 2.524535 -0.788118 -0.399274 5.358421
-1.947335 -4.604291 -1.926131 2.529535 -0.776297 -0.394329 5.357386
-1.922039 -4.612054 -1.930074 2.534472 -0.764449 -0.389370 5.356348
-1.896695 -4.619698 -1.933968 2.539347 -0.752574 -0.384399 5.355305
-1.871301 -4.627224 -1.937812 2.544160 -0.740673 -0.379415 5.354259
-1.845860 -4.634631 -1.941606 2.548911 -0.728746 -0.374419 5.353208
-1.820371 -4.641918 -1.945350 2.553598 -0.716793 -0.369410 5.352153
-1.794835 -4.649086 -1.949044 2.558222 -0.704815 -0.364388 5.351094
-1.769252 -4.656134 -1.952688 2.562784 -0.692811 -0.359354 5.350031
-1.743625 -4.663063 -1.956282 2.567281 -0.680782 -0.354307 5.348964
-1.717952 -4.669870 -1.959825 2.571716 -0.668729 -0.349249 5.347893
-1.692235 -4.676558 -1.963317 2.576086 -0.656651 -0.344178 5.346818
-1.666474 -4.683124 -1.966759 2.580393 -0.644548 -0.339095 5.345739
-1.640670 -4.689570 -1.970150 2.584635 -0.632422 -0.334001 5.344656
-1.614823 -4.695894 -1.973490 2.588814 -0.620271 -0.328895 5.343570
-1.588935 -4.702097 -1.976779 2.592927 -0.608098 -0.323777 5.342479
-1.563006 -4.708178 -1.980017 2.596976 -0.595901 -0.318647 5.341385
-1.537036 -4.714137 -1.983203 2.600961 -0.583681 -0.313507 5.340286
-1.511027 -4.719973 -1.986338 2.604880 -0.571438 -0.308354 5.339184
-1.484978 -4.725688 -1.989422 2.608734 -0.559173 -0.303191 5.338079
-1.458891 -4.731280 -1.992454 2.612523 -0.546886 -0.298017 5.336969
-1.432765 -4.736748 -1.995434 2.616246 -0.534577 -0.292831 5.335856
-1.406603 -4.742094 -1.998362 2.619904 -0.522246 -0.287635 5.334739
-1.380404 -4.747317 -2.001239 2.623495 -0.509894 -0.282428 5.333618
-1.354169 -4.752416 -2.004063 2.627021 -0.497521 -0.277210 5.332494
-1.327899 -4.757391 -2.006835 2.630481 -0.485127 -0.271982 5.331366
-1.301594 -4.762242 -2.009555 2.633874 -0.472712 -0.266743 5.330235
-1.275255 -4.766969 -2.012222 2.637200 -0.460277 -0.261494 5.329100
-1.248883 -4.771572 -2.014837 2.640460 -0.447822 -0.256235 5.327962
-1.222478 -4.776050 -2.017400 2.643653 -0.435348 -0.250966 5.326820
-1.196042 -4.780404 -2.019909 2.646779 -0.422854 -0.245687 5.325674
-1.169574 -4.784632 -2.022366 2.649838 -0.410341 -0.240398 5.324526
-1.143076 -4.788736 -2.024770 2.652829 -0.397809 -0.235099 5.323373
-1.116547 -4.792714 -2.027121 2.655753 -0.385258 -0.229790 5.322218
-1.089990 -4.796566 -2.029419 2.658609 -0.372689 -0.224473 5.321059
-1.063404 -4.800293 -2.031664 2.661398 -0.360102 -0.219145 5.319897
-1.036790 -4.803894 -2.033855 2.664118 -0.347498 -0.213809 5.318731
-1.010149 -4.807369 -2.035993 2.666770 -0.334876 -0.208463 5.317562
-0.983481 -4.810718 -2.038078 2.669354 -0.322237 -0.203109 5.316390
-0.956787 -4.813940 -2.040109 2.671869 -0.309581 -0.197745 5.315215
-0.930069 -4.817036 -2.042086 2.674316 -0.296908 -0.192373 5.314036
-0.903326 -4.820005 -2.044010 2.676694 -0.284219 -0.186992 5.312855
-0.876559 -4.822847 -2.045880 2.679003 -0.271514 -0.181602 5.311670
-0.849769 -4.825562 -2.047696 2.681243 -0.258794 -0.176204 5.310482
-0.822956 -4.828150 -2.049458 2.683414 -0.246058 -0.170798 5.309291
-0.796122 -4.830611 -2.051166 2.685516 -0.233307 -0.165384 5.308097
-0.769267 -4.832944 -2.052820 2.687548 -0.220541 -0.159962 5.306900
-0.742391 -4.835149 -2.054420 2.689510 -0.207761 -0.154531 5.305700
-0.715496 -4.837227 -2.055965 2.691403 -0.194966 -0.149093 5.304497
-0.688582 -4.839177 -2.057456 2.693225 -0.182158 -0.143648 5.303292
-0.661650 -4.840998 -2.058892 2.694978 -0.169336 -0.138194 5.302083
-0.634700 -4.842692 -2.060274 2.696660 -0.156500 -0.132734 5.300871
-0.607734 -4.844257 -2.061602 2.698272 -0.143652 -0.127266 5.299657
-0.580751 -4.845693 -2.062874 2.699813 -0.130791 -0.121791 5.298440
-0.553753 -4.847001 -2.064092 2.701284 -0.117918 -0.116309 5.297220
-0.526740 -4.848180 -2.065255 2.702684 -0.105033 -0.110820 5.295997
-0.499713 -4.849231 -2.066363 2.704013 -0.092136 -0.105324 5.294772
-0.472673 -4.850152 -2.067417 2.705271 -0.079227 -0.099822 5.293544
-0.445620 -4.850944 -2.068415 2.706458 -0.066308 -0.094313 5.292313
-0.418556 -4.851607 -2.069358 2.707573 -0.053377 -0.088798 5.291080
-0.391480 -4.852141 -2.070246 2.708617 -0.040436 -0.083276 5.289844
-0.364394 -4.852545 -2.071079 2.709590 -0.027485 -0.077749 5.288605
-0.337298 -4.852820 -2.071856 2.710491 -0.014524 -0.072215 5.287364
-0.310193 -4.852966 -2.072578 2.711320 -0.001554 -0.066676 5.286121
-0.283080 -4.852981 -2.073245 2.712077 0.011426 -0.061131 5.284875
-0.255959 -4.852867 -2.073856 2.712762 0.024415 -0.055580 5.283627
-0.228831 -4.852623 -2.074412 2.713375 0.037412 -0.050024 5.282376
-0.201698 -4.852249 -2.074912 2.713915 0.050417 -0.044463 5.281123
-0.174559 -4.851744 -2.075357 2.714384 0.063430 -0.038896 5.279868
-0.147415 -4.851110 -2.075746 2.714779 0.076451 -0.033325 5.278610
-0.120267 -4.850346 -2.076079 2.715102 0.089480 -0.027748 5.277350
-0.093116 -4.849451 -2.076357 2.715353 0.102515 -0.022167 5.276088
-0.065962 -4.848426 -2.076578 2.715530 0.115557 -0.016581 5.274823
-0.038807 -4.847270 -2.076744 2.715634 0.128605 -0.010991 5.273557
-0.011651 -4.845984 -2.076854 2.715666 0.141659 -0.005396 5.272288
0.015506 -4.844567 -2.076908 2.715624 0.154718 0.000202 5.271017
0.042662 -4.843020 -2.076906 2.715509 0.167783 0.005805 5.269744
0.069817 -4.841342 -2.076848 2.715320 0.180853 0.011412 5.268469
0.096970 -4.839534 -2.076734 2.715058 0.193928 0.017023 5.267192
0.124121 -4.837595 -2.076564 2.714723 0.207006 0.022637 5.265913
0.151268 -4.835525 -2.076337 2.714314 0.220089 0.028254 5.264633
0.178411 -4.833324 -2.076055 2.713831 0.233176 0.033875 5.263350
0.205550 -4.830992 -2.075716 2.713274 0.246265 0.039499 5.262065
0.232682 -4.828529 -2.075321 2.712643 0.259358 0.045127 5.260779
0.259809 -4.825936 -2.074870 2.711938 0.272453 0.050757 5.259491
0.286928 -4.823211 -2.074362 2.711159 0.285550 0.056390 5.258200
0.314040 -4.820356 -2.073798 2.710305 0.298650 0.062025 5.256909
0.341143 -4.817369 -2.073178 2.709377 0.311750 0.067663 5.255615
0.368237 -4.814252 -2.072501 2.708375 0.324852 0.073304 5.254320
0.395320 -4.811003 -2.071768 2.707299 0.337955 0.078946 5.253023
0.422393 -4.807624 -2.070979 2.706147 0.351059 0.084591 5.251725
0.449455 -4.804113 -2.070133 2.704921 0.364162 0.090237 5.250425
0.476504 -4.800471 -2.069231 2.703621 0.377266 0.095885 5.249123
0.503540 -4.796699 -2.068272 2.702245 0.390368 0.101535 5.247820
0.530563 -4.792795 -2.067256 2.700795 0.403470 0.107186 5.246516
0.557571 -4.788760 -2.066185 2.699270 0.416571 0.112839 5.245210
0.584563 -4.784595 -2.065056 2.697669 0.429670 0.118492 5.243903
0.611540 -4.780298 -2.063871 2.695994 0.442767 0.124147 5.242594
0.638500 -4.775870 -2.062630 2.694243 0.455862 0.129802 5.241284
0.665442 -4.771312 -2.061332 2.692417 0.468954 0.135459 5.239973
0.692367 -4.766622 -2.059977 2.690516 0.482043 0.141115 5.238660
0.719272 -4.761802 -2.058566 2.688539 0.495129 0.146772 5.237347
0.746157 -4.756850 -2.057098 2.686487 0.508211 0.152430 5.236032
0.773022 -4.751768 -2.055574 2.684360 0.521289 0.158087 5.234716
0.799866 -4.746555 -2.053993 2.682157 0.534362 0.163744 5.233399
0.826687 -4.741212 -2.052356 2.679878 0.547431 0.169401 5.232080
0.853486 -4.735737 -2.050662 2.677524 0.560494 0.175058 5.230761
0.880261 -4.730132 -2.048911 2.675094 0.573552 0.180714 5.229441
0.907012 -4.724397 -2.047104 2.672588 0.586603 0.186369 5.228119
0.933738 -4.718531 -2.045240 2.670006 0.599649 0.192024 5.226797
0.960438 -4.712534 -2.043320 2.667349 0.612688 0.197678 5.225474
0.987112 -4.706408 -2.041343 2.664616 0.625719 0.203330 5.224150
1.013758 -4.700150 -2.039310 2.661807 0.638744 0.208981 5.222825
1.040376 -4.693763 -2.037220 2.658921 0.651760 0.214630 5.221500
1.066965 -4.687245 -2.035074 2.655960 0.664769 0.220278 5.220173
1.093525 -4.680598 -2.032871 2.652923 0.677768 0.225924 5.218846
1.120054 -4.673820 -2.030612 2.649810 0.690759 0.231568 5.217518
1.146552 -4.666912 -2.028296 2.646621 0.703741 0.237210 5.216190
1.173018 -4.659875 -2.025924 2.643355 0.716713 0.242850 5.214861
1.199452 -4.652708 -2.023496 2.640014 0.729675 0.248487 5.213531
1.225852 -4.645411 -2.021011 2.636596 0.742626 0.254122 5.212201
1.252218 -4.637985 -2.018469 2.633102 0.755567 0.259754 5.210870
1.278549 -4.630429 -2.015872 2.629532 0.768497 0.265383 5.209539
1.304844 -4.622744 -2.013218 2.625886 0.781415 0.271009 5.208208
1.331103 -4.614930 -2.010508 2.622163 0.794321 0.276631 5.206876
1.357325 -4.606987 -2.007742 2.618364 0.807214 0.282250 5.205544
1.383508 -4.598915 -2.004919 2.614489 0.820095 0.287866 5.204211
1.409653 -4.590714 -2.002041 2.610538 0.832963 0.293478 5.202878
1.435759 -4.582384 -1.999106 2.606511 0.845818 0.299085 5.201545
1.461824 -4.573926 -1.996115 2.602407 0.858658 0.304689 5.200212
1.487848 -4.565339 -1.993068 2.598227 0.871485 0.310289 5.198878
1.513830 -4.556624 -1.989965 2.593970 0.884297 0.315884 5.197545
1.539770 -4.547781 -1.986806 2.589638 0.897093 0.321474 5.196211
1.565666 -4.538811 -1.983592 2.585229 0.909875 0.327060 5.194877
1.591518 -4.529712 -1.980321 2.580743 0.922640 0.332641 5.193543
1.617326 -4.520485 -1.976995 2.576182 0.935390 0.338217 5.192209
1.643088 -4.511132 -1.973612 2.571544 0.948122 0.343788 5.190876
1.668803 -4.501650 -1.970174 2.566830 0.960838 0.349353 5.189542
1.694471 -4.492042 -1.966681 2.562040 0.973537 0.354912 5.188209
1.720092 -4.482307 -1.963132 2.557174 0.986217 0.360466 5.186875
1.745663 -4.472444 -1.959527 2.552232 0.998880 0.366014 5.185542
1.771186 -4.462456 -1.955867 2.547213 1.011524 0.371556 5.184209
1.796658 -4.452340 -1.952151 2.542119 1.024149 0.377091 5.182877
1.822079 -4.442099 -1.948381 2.536948 1.036755 0.382620 5.181544
1.847449 -4.431731 -1.944554 2.531701 1.049341 0.388143 5.180212
1.872766 -4.421238 -1.940673 2.526378 1.061907 0.393659 5.178881
1.898029 -4.410619 -1.936736 2.520980 1.074452 0.399168 5.177550
1.923239 -4.399874 -1.932745 2.515505 1.086977 0.404669 5.176219
1.948394 -4.389005 -1.928698 2.509955 1.099480 0.410164 5.174889
1.973494 -4.378010 -1.924596 2.504328 1.111962 0.415651 5.173559
1.998537 -4.366890 -1.920440 2.498626 1.124421 0.421130 5.172231
2.023523 -4.355646 -1.916229 2.492848 1.136858 0.426601 5.170902
2.048452 -4.344277 -1.911963 2.486995 1.149272 0.432065 5.169575
2.073322 -4.332785 -1.907642 2.481065 1.161663 0.437520 5.168248
2.098132 -4.321168 -1.903267 2.475061 1.174030 0.442967 5.166921
2.122883 -4.309428 -1.898837 2.468980 1.186373 0.448406 5.165596
2.147573 -4.297564 -1.894353 2.462825 1.198691 0.453836 5.164271
2.172201 -4.285577 -1.889815 2.456593 1.210985 0.459257 5.162948
2.196767 -4.273467 -1.885222 2.450287 1.223253 0.464669 5.161625
2.221270 -4.261235 -1.880575 2.443905 1.235495 0.470072 5.160303
2.245709 -4.248880 -1.875875 2.437448 1.247712 0.475466 5.158982
2.270083 -4.236403 -1.871120 2.430916 1.259902 0.480849 5.157662
2.294393 -4.223804 -1.866311 2.424310 1.272065 0.486224 5.156343
2.318636 -4.211083 -1.861449 2.417628 1.284200 0.491588 5.155025
2.342812 -4.198241 -1.856533 2.410871 1.296308 0.496942 5.153708
2.366921 -4.185278 -1.851564 2.404039 1.308388 0.502286 5.152393
2.390961 -4.172194 -1.846541 2.397133 1.320439 0.507620 5.151079
2.414932 -4.158990 -1.841465 2.390152 1.332461 0.512943 5.149766
2.438834 -4.145665 -1.836335 2.383097 1.344454 0.518255 5.148454
2.462665 -4.132220 -1.831153 2.375968 1.356417 0.523557 5.147143
2.486425 -4.118656 -1.825917 2.368764 1.368350 0.528847 5.145834
2.510112 -4.104973 -1.820629 2.361486 1.380252 0.534126 5.144527
2.533727 -4.091170 -1.815288 2.354133 1.392124 0.539393 5.143220
2.557268 -4.077249 -1.809894 2.346707 1.403964 0.544649 5.141916
2.580735 -4.063209 -1.804447 2.339207 1.415772 0.549893 5.140612
2.604127 -4.049052 -1.798948 2.331634 1.427548 0.555125 5.139311
2.627444 -4.034776 -1.793397 2.323986 1.439292 0.560345 5.138011
2.650684 -4.020383 -1.787793 2.316266 1.451002 0.565552 5.136712
2.673846 -4.005873 -1.782138 2.308471 1.462679 0.570747 5.135415
2.696931 -3.991246 -1.776430 2.300604 1.474322 0.575929 5.134120
2.719937 -3.976503 -1.770671 2.292664 1.485931 0.581099 5.132827
2.742864 -3.961644 -1.764860 2.284650 1.497505 0.586255 5.131535
2.765710 -3.946669 -1.758998 2.276564 1.509044 0.591398 5.130246
2.788476 -3.931578 -1.753084 2.268405 1.520548 0.596527 5.128958
2.811160 -3.916373 -1.747118 2.260173 1.532016 0.601643 5.127672
2.833762 -3.901053 -1.741102 2.251869 1.543448 0.606745 5.126388
2.856280 -3.885618 -1.735035 2.243493 1.554843 0.611833 5.125106
2.878715 -3.870070 -1.728916 2.235044 1.566200 0.616907 5.123826
2.901066 -3.854408 -1.722747 2.226524 1.577521 0.621967 5.122548
2.923331 -3.838633 -1.716527 2.217932 1.588803 0.627012 5.121272
2.945510 -3.822745 -1.710257 2.209268 1.600047 0.632043 5.119999
2.967603 -3.806744 -1.703937 2.200533 1.611253 0.637058 5.118727
2.989608 -3.790632 -1.697566 2.191726 1.622419 0.642059 5.117458
3.011526 -3.774407 -1.691146 2.182848 1.633546 0.647044 5.116191
3.033354 -3.758072 -1.684675 2.173899 1.644633 0.652014 5.114926
3.055093 -3.741626 -1.678155 2.164880 1.655679 0.656969 5.113664
3.076742 -3.725069 -1.671585 2.155789 1.666685 0.661907 5.112404
3.098300 -3.708402 -1.664966 2.146629 1.677649 0.666830 5.111147
3.119766 -3.691626 -1.658298 2.137398 1.688572 0.671737 5.109892
3.141140 -3.674740 -1.651581 2.128097 1.699453 0.676627 5.108639
3.162421 -3.657745 -1.644814 2.118726 1.710292 0.681501 5.107389
3.183608 -3.640642 -1.637999 2.109285 1.721088 0.686359 5.106141
3.204701 -3.623431 -1.631136 2.099775 1.731841 0.691199 5.104897
3.225699 -3.606113 -1.624224 2.090196 1.742550 0.696023 5.103654
3.246601 -3.588688 -1.617264 2.080547 1.753215 0.700829 5.102415
3.267406 -3.571155 -1.610255 2.070830 1.763836 0.705618 5.101178
3.288115 -3.553517 -1.603199 2.061044 1.774412 0.710389 5.099944
3.308725 -3.535773 -1.596095 2.051189 1.784943 0.715143 5.098713
3.329237 -3.517924 -1.588944 2.041266 1.795428 0.719879 5.097484
3.349649 -3.499969 -1.581745 2.031275 1.805867 0.724597 5.096259
3.369962 -3.481911 -1.574499 2.021216 1.816260 0.729296 5.095036
3.390174 -3.463748 -1.567206 2.011090 1.826606 0.733978 5.093817
3.410285 -3.445482 -1.559866 2.000896 1.836905 0.738640 5.092600
3.430294 -3.427113 -1.552480 1.990636 1.847156 0.743284 5.091386
3.450201 -3.408641 -1.545047 1.980308 1.857360 0.747909 5.090176
3.470004 -3.390068 -1.537568 1.969913 1.867515 0.752515 5.088968
3.489703 -3.371393 -1.530043 1.959453 1.877621 0.757101 5.087764
3.509297 -3.352616 -1.522472 1.948926 1.887678 0.761668 5.086563
3.528787 -3.333740 -1.514855 1.938333 1.897685 0.766216 5.085365
3.548170 -3.314763 -1.507193 1.927674 1.907643 0.770743 5.084171
3.567447 -3.295686 -1.499486 1.916950 1.917550 0.775251 5.082980
3.586616 -3.276511 -1.491733 1.906160 1.927407 0.779738 5.081792
3.605678 -3.257237 -1.483936 1.895306 1.937212 0.784205 5.080607
3.624631 -3.237865 -1.476094 1.884387 1.946966 0.788652 5.079426
3.643475 -3.218395 -1.468207 1.873404 1.956668 0.793078 5.078248
3.662209 -3.198828 -1.460276 1.862356 1.966317 0.797483 5.077074
3.680832 -3.179165 -1.452302 1.851245 1.975914 0.801867 5.075904
3.699345 -3.159406 -1.444283 1.840070 1.985458 0.806230 5.074737
3.717745 -3.139551 -1.436221 1.828832 1.994948 0.810572 5.073573
3.736034 -3.119602 -1.428115 1.817531 2.004385 0.814891 5.072413
3.754209 -3.099558 -1.419966 1.806167 2.013767 0.819190 5.071257
3.772271 -3.079420 -1.411774 1.794740 2.023095 0.823466 5.070105
3.790218 -3.059189 -1.403539 1.783252 2.032368 0.827720 5.068956
3.808051 -3.038866 -1.395262 1.771701 2.041585 0.831952 5.067811
3.825768 -3.018450 -1.386943 1.760089 2.050747 0.836162 5.066670
3.843369 -2.997942 -1.378581 1.748416 2.059853 0.840349 5.065533
3.860853 -2.977344 -1.370178 1.736681 2.068902 0.844514 5.064400
3.878220 -2.956655 -1.361732 1.724886 2.077894 0.848655 5.063271
3.895468 -2.935876 -1.353246 1.713031 2.086829 0.852774 5.062145
3.912599 -2.915008 -1.344718 1.701116 2.095706 0.856869 5.061024
3.929610 -2.894051 -1.336149 1.689140 2.104526 0.860941 5.059907
3.946501 -2.873005 -1.327540 1.677106 2.113287 0.864989 5.058794
3.963272 -2.851872 -1.318890 1.665012 2.121989 0.869013 5.057685
3.979922 -2.830653 -1.310200 1.652860 2.130632 0.873014 5.056580
3.996451 -2.809346 -1.301470 1.640649 2.139216 0.876991 5.055479
4.012858 -2.787954 -1.292700 1.628380 2.147740 0.880943 5.054383
4.029141 -2.766477 -1.283890 1.616053 2.156204 0.884871 5.053291
4.045302 -2.744915 -1.275042 1.603669 2.164607 0.888774 5.052203
4.061339 -2.723269 -1.266154 1.591227 2.172949 0.892653 5.051120
4.077251 -2.701539 -1.257228 1.578729 2.181230 0.896507 5.050040
4.093038 -2.679727 -1.248262 1.566175 2.189450 0.900335 5.048966
4.108700 -2.657832 -1.239259 1.553564 2.197607 0.904139 5.047896
4.124236 -2.635856 -1.230218 1.540898 2.205702 0.907917 5.046830
4.139645 -2.613799 -1.221139 1.528177 2.213735 0.911670 5.045769
4.154926 -2.591662 -1.212022 1.515400 2.221704 0.915397 5.044712
4.170080 -2.569445 -1.202868 1.502569 2.229611 0.919098 5.043660
4.185106 -2.547149 -1.193677 1.489683 2.237453 0.922773 5.042613
4.200003 -2.524774 -1.184449 1.476744 2.245231 0.926422 5.041570
4.214770 -2.502322 -1.175185 1.463751 2.252945 0.930045 5.040532
4.229408 -2.479792 -1.165884 1.450705 2.260594 0.933641 5.039499
4.243915 -2.457186 -1.156548 1.437606 2.268178 0.937211 5.038470
4.258291 -2.434505 -1.147176 1.424455 2.275697 0.940754 5.037446
4.272535 -2.411748 -1.137768 1.411252 2.283150 0.944270 5.036428
4.286648 -2.388916 -1.128326 1.397997 2.290537 0.947759 5.035414
4.300628 -2.366011 -1.118848 1.384691 2.297857 0.951220 5.034405
4.314475 -2.343032 -1.109336 1.371335 2.305111 0.954655 5.033400
4.328188 -2.319981 -1.099789 1.357927 2.312297 0.958062 5.032401
4.341767 -2.296858 -1.090209 1.344470 2.319416 0.961441 5.031407
4.355212 -2.273664 -1.080594 1.330963 2.326468 0.964792 5.030418
4.368522 -2.250399 -1.070946 1.317407 2.333451 0.968115 5.029434
4.381696 -2.227065 -1.061265 1.303802 2.340366 0.971410 5.028455
4.394734 -2.203661 -1.051551 1.290149 2.347212 0.974677 5.027481
4.407635 -2.180189 -1.041804 1.276447 2.353989 0.977916 5.026513
4.420400 -2.156649 -1.032025 1.262698 2.360697 0.981126 5.025549
4.433027 -2.133042 -1.022214 1.248902 2.367336 0.984307 5.024591
4.445516 -2.109369 -1.012371 1.235059 2.373904 0.987459 5.023638
4.457866 -2.085630 -1.002496 1.221170 2.380402 0.990583 5.022691
4.470078 -2.061826 -0.992590 1.207235 2.386830 0.993677 5.021749
4.482150 -2.037957 -0.982654 1.193254 2.393186 0.996742 5.020812
4.494083 -2.014026 -0.972686 1.179229 2.399472 0.999778 5.019880
4.505875 -1.990031 -0.962689 1.165159 2.405686 1.002784 5.018955
4.517527 -1.965974 -0.952661 1.151044 2.411828 1.005761 5.018034
4.529037 -1.941856 -0.942603 1.136886 2.417899 1.008707 5.017119
4.540406 -1.917677 -0.932516 1.122685 2.423897 1.011624 5.016210
4.551633 -1.893438 -0.922400 1.108441 2.429822 1.014510 5.015306
4.562717 -1.869140 -0.912255 1.094154 2.435675 1.017367 5.014407
4.573659 -1.844783 -0.902081 1.079826 2.441454 1.020193 5.013515
4.584457 -1.820368 -0.891879 1.065456 2.447160 1.022988 5.012628
4.595112 -1.795897 -0.881649 1.051045 2.452792 1.025753 5.011746
4.605622 -1.771369 -0.871392 1.036594 2.458350 1.028488 5.010871
4.615988 -1.746785 -0.861107 1.022103 2.463834 1.031191 5.010001
4.626209 -1.722147 -0.850795 1.007572 2.469243 1.033863 5.009137
4.636285 -1.697455 -0.840456 0.993001 2.474578 1.036505 5.008279
4.646215 -1.672709 -0.830091 0.978393 2.479837 1.039115 5.007426
4.655999 -1.647910 -0.819700 0.963746 2.485021 1.041693 5.006580
4.665636 -1.623060 -0.809283 0.949061 2.490130 1.044240 5.005739
4.675127 -1.598159 -0.798841 0.934339 2.495162 1.046756 5.004905
4.684470 -1.573207 -0.788373 0.919580 2.500119 1.049240 5.004076
4.693666 -1.548206 -0.777881 0.904785 2.504999 1.051692 5.003253
4.702714 -1.523156 -0.767364 0.889954 2.509802 1.054112 5.002436
4.711614 -1.498058 -0.756823 0.875088 2.514529 1.056500 5.001626
4.720364 -1.472913 -0.746258 0.860188 2.519179 1.058855 5.000821
4.728966 -1.447721 -0.735669 0.845252 2.523751 1.061179 5.000023
4.737419 -1.422483 -0.725057 0.830283 2.528246 1.063470 4.999230
4.745722 -1.397201 -0.714423 0.815281 2.532662 1.065728 4.998444
4.753874 -1.371874 -0.703765 0.800246 2.537001 1.067954 4.997664
4.761877 -1.346504 -0.693086 0.785179 2.541262 1.070147 4.996890
4.769729 -1.321092 -0.682384 0.770079 2.545444 1.072307 4.996123
4.777429 -1.295637 -0.671661 0.754949 2.549547 1.074434 4.995362
4.784979 -1.270142 -0.660917 0.739788 2.553572 1.076529 4.994607
4.792377 -1.244606 -0.650152 0.724596 2.557517 1.078590 4.993858
4.799623 -1.219031 -0.639366 0.709375 2.561383 1.080617 4.993116
4.806717 -1.193417 -0.628560 0.694124 2.565170 1.082611 4.992380
4.813658 -1.167765 -0.617734 0.678845 2.568876 1.084572 4.991650
4.820446 -1.142077 -0.606888 0.663537 2.572503 1.086499 4.990927
4.827082 -1.116352 -0.596023 0.648202 2.576049 1.088393 4.990211
4.833564 -1.090591 -0.585139 0.632840 2.579516 1.090253 4.989500
4.839892 -1.064796 -0.574236 0.617451 2.582901 1.092078 4.988797
4.846067 -1.038967 -0.563316 0.602036 2.586206 1.093870 4.988100
4.852087 -1.013105 -0.552377 0.586596 2.589430 1.095628 4.987409
4.857953 -0.987211 -0.541421 0.571130 2.592573 1.097352 4.986725
4.863664 -0.961285 -0.530447 0.555640 2.595634 1.099041 4.986048
4.869221 -0.935329 -0.519457 0.540126 2.598615 1.100696 4.985377
4.874622 -0.909342 -0.508450 0.524588 2.601513 1.102317 4.984713
4.879868 -0.883327 -0.497427 0.509028 2.604330 1.103903 4.984055
4.884958 -0.857284 -0.486387 0.493445 2.607064 1.105455 4.983405
4.889892 -0.831213 -0.475333 0.477841 2.609717 1.106971 4.982761
4.894671 -0.805116 -0.464263 0.462215 2.612287 1.108454 4.982124
4.899293 -0.778993 -0.453179 0.446569 2.614775 1.109901 4.981493
4.903759 -0.752846 -0.442080 0.430902 2.617180 1.111313 4.980869
4.908068 -0.726674 -0.430967 0.415216 2.619503 1.112691 4.980253
4.912220 -0.700479 -0.419840 0.399511 2.621742 1.114033 4.979643
4.916215 -0.674261 -0.408699 0.383787 2.623899 1.115340 4.979039
4.920053 -0.648022 -0.397546 0.368046 2.625972 1.116612 4.978443
4.923733 -0.621763 -0.386380 0.352287 2.627962 1.117849 4.977854
4.927256 -0.595483 -0.375201 0.336511 2.629869 1.119050 4.977271
4.930621 -0.569184 -0.364011 0.320719 2.631692 1.120216 4.976696
4.933828 -0.542867 -0.352809 0.304911 2.633431 1.121346 4.976127
4.936878 -0.516533 -0.341595 0.289088 2.635086 1.122441 4.975566
4.939768 -0.490182 -0.330371 0.273251 2.636658 1.123500 4.975011
4.942501 -0.463816 -0.319136 0.257399 2.638146 1.124524 4.974464
4.945075 -0.437434 -0.307891 0.241535 2.639549 1.125511 4.973923
4.947490 -0.411039 -0.296635 0.225657 2.640868 1.126463 4.973390
4.949747 -0.384630 -0.285371 0.209767 2.642103 1.127380 4.972863
4.951845 -0.358209 -0.274097 0.193865 2.643253 1.128260 4.972344
4.953783 -0.331776 -0.262814 0.177952 2.644319 1.129104 4.971832
4.955563 -0.305333 -0.251523 0.162029 2.645300 1.129912 4.971327
4.957183 -0.278880 -0.240224 0.146096 2.646196 1.130684 4.970829
4.958644 -0.252418 -0.228917 0.130153 2.647008 1.131420 4.970339
4.959946 -0.225948 -0.217603 0.114201 2.647735 1.132120 4.969855
4.961088 -0.199471 -0.206282 0.098241 2.648376 1.132784 4.969379
4.962070 -0.172987 -0.194954 0.082274 2.648933 1.133411 4.968910
4.962893 -0.146498 -0.183620 0.066299 2.649404 1.134002 4.968449
4.963556 -0.120004 -0.172280 0.050318 2.649791 1.134557 4.967994
4.964059 -0.093506 -0.160934 0.034331 2.650092 1.135075 4.967547
4.964402 -0.067005 -0.149584 0.018338 2.650308 1.135557 4.967107
4.964586 -0.040502 -0.138228 0.002341 2.650438 1.136002 4.966675
4.964609 -0.013997 -0.126868 -0.013660 2.650483 1.136411 4.966249
4.964472 0.012507 -0.115504 -0.029666 2.650443 1.136784 4.965832
4.964176 0.039012 -0.104136 -0.045674 2.650317 1.137120 4.965421
4.963719 0.065515 -0.092765 -0.061684 2.650106 1.137419 4.965018
4.963102 0.092016 -0.081391 -0.077696 2.649809 1.137681 4.964622
4.962325 0.118514 -0.070014 -0.093710 2.649427 1.137907 4.964234
4.961388 0.145008 -0.058635 -0.109724 2.648959 1.138097 4.963853
4.960291 0.171498 -0.047254 -0.125739 2.648405 1.138249 4.963480
4.959033 0.197982 -0.035871 -0.141752 2.647766 1.138365 4.963114
4.957616 0.224460 -0.024488 -0.157765 2.647041 1.138444 4.962755
4.956038 0.250930 -0.013103 -0.173776 2.646230 1.138486 4.962404
4.954300 0.277392 -0.001718 -0.189785 2.645334 1.138492 4.962060
4.952403 0.303846 0.009666 -0.205790 2.644352 1.138461 4.961724
4.950345 0.330289 0.021051 -0.221793 2.643284 1.138393 4.961396
4.948127 0.356722 0.032435 -0.237791 2.642131 1.138288 4.961075
4.945749 0.383143 0.043818 -0.253785 2.640892 1.138146 4.960761
4.943211 0.409552 0.055199 -0.269773 2.639567 1.137967 4.960455
4.940513 0.435948 0.066579 -0.285756 2.638157 1.137752 4.960157
4.937656 0.462330 0.077956 -0.301732 2.636661 1.137500 4.959866
4.934638 0.488696 0.089331 -0.317701 2.635079 1.137211 4.959583
4.931461 0.515047 0.100704 -0.333662 2.633412 1.136885 4.959307
4.928125 0.541381 0.112072 -0.349615 2.631660 1.136522 4.959039
4.924629 0.567698 0.123438 -0.365560 2.629822 1.136122 4.958779
4.920973 0.593996 0.134799 -0.381495 2.627898 1.135686 4.958526
4.917158 0.620275 0.146156 -0.397420 2.625889 1.135213 4.958281
4.913184 0.646534 0.157508 -0.413334 2.623795 1.134702 4.958043
4.909051 0.672772 0.168855 -0.429238 2.621616 1.134155 4.957813
4.904758 0.698988 0.180196 -0.445129 2.619351 1.133571 4.957591
4.900307 0.725181 0.191532 -0.461008 2.617001 1.132951 4.957376
4.895697 0.751351 0.202862 -0.476875 2.614566 1.132293 4.957169
4.890928 0.777497 0.214185 -0.492727 2.612046 1.131599 4.956970
4.886001 0.803618 0.225501 -0.508566 2.609441 1.130868 4.956779
4.880915 0.829712 0.236809 -0.524390 2.606751 1.130100 4.956595
4.875671 0.855779 0.248110 -0.540198 2.603976 1.129296 4.956419
4.870269 0.881819 0.259403 -0.555991 2.601117 1.128455 4.956250
4.864709 0.907830 0.270688 -0.571767 2.598173 1.127577 4.956090
4.858992 0.933812 0.281964 -0.587526 2.595144 1.126663 4.955937
4.853116 0.959764 0.293230 -0.603267 2.592031 1.125711 4.955791
4.847084 0.985684 0.304487 -0.618990 2.588834 1.124724 4.955654
4.840894 1.011572 0.315735 -0.634694 2.585552 1.123699 4.955524
4.834547 1.037428 0.326972 -0.650379 2.582186 1.122639 4.955402
4.828043 1.063250 0.338198 -0.666044 2.578737 1.121541 4.955288
4.821383 1.089037 0.349413 -0.681688 2.575203 1.120408 4.955181
4.814566 1.114789 0.360617 -0.697311 2.571586 1.119237 4.955083
4.807593 1.140505 0.371810 -0.712912 2.567884 1.118031 4.954992
4.800464 1.166184 0.382990 -0.728491 2.564100 1.116788 4.954908
4.793179 1.191825 0.394158 -0.744047 2.560232 1.115509 4.954833
4.785738 1.217427 0.405313 -0.759580 2.556281 1.114193 4.954765
4.778142 1.242990 0.416455 -0.775088 2.552246 1.112842 4.954705
4.770392 1.268512 0.427583 -0.790572 2.548129 1.111454 4.954653
4.762486 1.293994 0.438698 -0.806030 2.543929 1.110030 4.954609
4.754426 1.319433 0.449798 -0.821463 2.539646 1.108570 4.954572
4.746211 1.344829 0.460884 -0.836869 2.535281 1.107074 4.954543
4.737842 1.370182 0.471955 -0.852248 2.530833 1.105542 4.954522
4.729320 1.395490 0.483010 -0.867600 2.526303 1.103974 4.954509
4.720644 1.420753 0.494050 -0.882923 2.521691 1.102370 4.954503
4.711814 1.445970 0.505074 -0.898218 2.516998 1.100731 4.954506
4.702832 1.471140 0.516081 -0.913484 2.512222 1.099055 4.954516
4.693697 1.496263 0.527071 -0.928720 2.507365 1.097345 4.954533
4.684410 1.521336 0.538045 -0.943925 2.502427 1.095598 4.954559
4.674971 1.546360 0.549001 -0.959100 2.497408 1.093816 4.954592
4.665380 1.571335 0.559939 -0.974243 2.492307 1.091999 4.954634
4.655638 1.596258 0.570859 -0.989354 2.487126 1.090146 4.954683
4.645744 1.621129 0.581760 -1.004432 2.481865 1.088258 4.954739
4.635700 1.645948 0.592643 -1.019477 2.476523 1.086334 4.954804
4.625505 1.670713 0.603506 -1.034488 2.471101 1.084376 4.954876
4.615160 1.695424 0.614350 -1.049466 2.465599 1.082382 4.954956
4.604665 1.720080 0.625174 -1.064408 2.460017 1.080353 4.955044
4.594021 1.744680 0.635977 -1.079315 2.454356 1.078290 4.955139
4.583228 1.769223 0.646760 -1.094185 2.448616 1.076191 4.955243
4.572286 1.793710 0.657522 -1.109020 2.442796 1.074058 4.955354
4.561196 1.818138 0.668263 -1.123817 2.436898 1.071890 4.955473
4.549958 1.842507 0.678982 -1.138577 2.430921 1.069687 4.955599
4.538572 1.866816 0.689679 -1.153299 2.424865 1.067450 4.955734
4.527039 1.891064 0.700353 -1.167981 2.418732 1.065179 4.955876
4.515359 1.915252 0.711005 -1.182625 2.412521 1.062873 4.956025
4.503533 1.939377 0.721634 -1.197229 2.406232 1.060533 4.956183
4.491561 1.963439 0.732239 -1.211793 2.399865 1.058158 4.956348
4.479443 1.987438 0.742821 -1.226316 2.393422 1.055750 4.956521
4.467180 2.011372 0.753378 -1.240797 2.386901 1.053308 4.956702
4.454772 2.035241 0.763911 -1.255237 2.380304 1.050832 4.956890
4.442219 2.059044 0.774419 -1.269634 2.373631 1.048322 4.957086
4.429523 2.082781 0.784903 -1.283989 2.366881 1.045778 4.957290
4.416683 2.106449 0.795360 -1.298299 2.360056 1.043201 4.957501
4.403700 2.130050 0.805792 -1.312566 2.353155 1.040591 4.957720
4.390575 2.153581 0.816198 -1.326789 2.346179 1.037947 4.957947
4.377307 2.177043 0.826578 -1.340966 2.339128 1.035269 4.958181
4.363897 2.200435 0.836930 -1.355098 2.332002 1.032559 4.958423
4.350346 2.223755 0.847256 -1.369184 2.324802 1.029816 4.958673
4.336654 2.247003 0.857554 -1.383224 2.317527 1.027040 4.958930
4.322822 2.270178 0.867825 -1.397216 2.310179 1.024230 4.959195
4.308850 2.293280 0.878067 -1.411161 2.302757 1.021389 4.959468
4.294738 2.316307 0.888281 -1.425058 2.295262 1.018514 4.959748
4.280488 2.339260 0.898466 -1.438906 2.287694 1.015608 4.960035
4.266099 2.362137 0.908622 -1.452706 2.280053 1.012669 4.960331
4.251571 2.384937 0.918749 -1.466456 2.272340 1.009697 4.960634
4.236907 2.407661 0.928846 -1.480156 2.264555 1.006694 4.960944
4.222105 2.430306 0.938913 -1.493805 2.256699 1.003659 4.961262
4.207167 2.452873 0.948949 -1.507403 2.248770 1.000591 4.961587
4.192093 2.475361 0.958955 -1.520950 2.240771 0.997493 4.961920
4.176884 2.497769 0.968930 -1.534445 2.232701 0.994362 4.962261
4.161539 2.520096 0.978874 -1.547888 2.224561 0.991200 4.962609
4.146060 2.542341 0.988786 -1.561278 2.216350 0.988007 4.962964
4.130448 2.564505 0.998666 -1.574614 2.208070 0.984782 4.963327
4.114702 2.586585 1.008514 -1.587897 2.199720 0.981527 4.963697
4.098823 2.608583 1.018329 -1.601125 2.191302 0.978240 4.964075
4.082811 2.630496 1.028111 -1.614298 2.182814 0.974923 4.964461
4.066668 2.652324 1.037860 -1.627417 2.174258 0.971575 4.964853
4.050394 2.674066 1.047576 -1.640479 2.165634 0.968197 4.965253
4.033989 2.695723 1.057258 -1.653486 2.156942 0.964788 4.965661
4.017454 2.717292 1.066906 -1.666436 2.148183 0.961349 4.966076
4.000790 2.738774 1.076520 -1.679329 2.139357 0.957879 4.966498
3.983997 2.760168 1.086098 -1.692165 2.130465 0.954380 4.966927
3.967075 2.781472 1.095642 -1.704942 2.121506 0.950851 4.967364
3.950026 2.802687 1.105151 -1.717662 2.112481 0.947293 4.967808
3.932849 2.823812 1.114624 -1.730322 2.103391 0.943704 4.968260
3.915546 2.844846 1.124061 -1.742924 2.094235 0.940087 4.968718
3.898117 2.865788 1.133461 -1.755465 2.085015 0.936440 4.969184
3.880562 2.886638 1.142826 -1.767947 2.075730 0.932764 4.969657
3.862883 2.907396 1.152154 -1.780368 2.066381 0.929059 4.970138
3.845079 2.928060 1.161444 -1.792729 2.056968 0.925326 4.970625
3.827152 2.948629 1.170697 -1.805028 2.047493 0.921564 4.971120
3.809101 2.969104 1.179913 -1.817265 2.037954 0.917773 4.971622
3.790929 2.989484 1.189091 -1.829441 2.028353 0.913954 4.972131
3.772634 3.009767 1.198230 -1.841553 2.018689 0.910107 4.972648
3.754219 3.029954 1.207331 -1.853603 2.008964 0.906232 4.973171
3.735683 3.050044 1.216394 -1.865589 1.999178 0.902329 4.973701
3.717027 3.070036 1.225417 -1.877512 1.989330 0.898398 4.974239
3.698252 3.089929 1.234401 -1.889371 1.979422 0.894440 4.974784
3.679358 3.109723 1.243345 -1.901165 1.969454 0.890454 4.975335
3.660346 3.129418 1.252250 -1.912894 1.959426 0.886442 4.975894
3.641217 3.149012 1.261114 -1.924558 1.949339 0.882402 4.976460
3.621972 3.168505 1.269938 -1.936156 1.939193 0.878335 4.977032
3.602610 3.187897 1.278722 -1.947689 1.928988 0.874242 4.977612
3.583133 3.207187 1.287464 -1.959154 1.918725 0.870122 4.978198
3.563542 3.226374 1.296165 -1.970554 1.908405 0.865976 4.978792
3.543836 3.245458 1.304825 -1.981885 1.898027 0.861804 4.979392
3.524017 3.264439 1.313443 -1.993150 1.887592 0.857605 4.979999
3.504086 3.283315 1.322019 -2.004346 1.877101 0.853381 4.980613
3.484042 3.302086 1.330553 -2.015475 1.866554 0.849131 4.981234
3.463888 3.320751 1.339044 -2.026535 1.855951 0.844856 4.981862
3.443622 3.339311 1.347493 -2.037526 1.845293 0.840555 4.982496
3.423247 3.357764 1.355898 -2.048447 1.834580 0.836229 4.983137
3.402763 3.376109 1.364261 -2.059299 1.823813 0.831878 4.983785
3.382170 3.394347 1.372579 -2.070082 1.812992 0.827502 4.984440
3.361469 3.412477 1.380854 -2.080793 1.802118 0.823102 4.985101
3.340661 3.430499 1.389085 -2.091435 1.791190 0.818677 4.985769
3.319747 3.448410 1.397272 -2.102005 1.780210 0.814228 4.986444
3.298726 3.466213 1.405415 -2.112504 1.769178 0.809755 4.987125
3.277601 3.483904 1.413512 -2.122932 1.758094 0.805258 4.987813
3.256372 3.501485 1.421565 -2.133288 1.746958 0.800737 4.988507
3.235039 3.518955 1.429572 -2.143571 1.735772 0.796193 4.989208
3.213604 3.536313 1.437534 -2.153782 1.724536 0.791625 4.989916
3.192066 3.553558 1.445450 -2.163921 1.713249 0.787034 4.990630
3.170427 3.570690 1.453321 -2.173986 1.701913 0.782420 4.991350
3.148687 3.587710 1.461145 -2.183978 1.690528 0.777784 4.992077
3.126847 3.604615 1.468923 -2.193896 1.679095 0.773124 4.992810
3.104908 3.621406 1.476654 -2.203740 1.667613 0.768443 4.993550
3.082871 3.638082 1.484338 -2.213510 1.656084 0.763739 4.994296
3.060735 3.654643 1.491976 -2.223206 1.644507 0.759012 4.995048
3.038503 3.671088 1.499566 -2.232826 1.632883 0.754264 4.995807
3.016175 3.687417 1.507108 -2.242372 1.621214 0.749495 4.996572
2.993751 3.703629 1.514603 -2.251842 1.609498 0.744704 4.997343
2.971233 3.719724 1.522050 -2.261236 1.597737 0.739891 4.998120
2.948621 3.735701 1.529449 -2.270555 1.585930 0.735058 4.998904
2.925915 3.751560 1.536800 -2.279798 1.574080 0.730203 4.999694
2.903117 3.767301 1.544102 -2.288964 1.562185 0.725328 5.000490
2.880227 3.782923 1.551355 -2.298053 1.550247 0.720432 5.001292
2.857247 3.798426 1.558560 -2.307066 1.538266 0.715516 5.002100
2.834176 3.813808 1.565715 -2.316001 1.526242 0.710579 5.002914
2.811016 3.829071 1.572820 -2.324859 1.514175 0.705623 5.003734
2.787768 3.844212 1.579877 -2.333640 1.502067 0.700647 5.004561
2.764431 3.859233 1.586883 -2.342343 1.489918 0.695651 5.005393
2.741008 3.874132 1.593840 -2.350967 1.477728 0.690636 5.006231
2.717498 3.888910 1.600746 -2.359513 1.465498 0.685602 5.007075
2.693903 3.903565 1.607602 -2.367981 1.453228 0.680549 5.007925
2.670223 3.918097 1.614408 -2.376370 1.440919 0.675477 5.008781
2.646459 3.932506 1.621162 -2.384680 1.428570 0.670387 5.009643
2.622613 3.946792 1.627866 -2.392911 1.416183 0.665278 5.010510
2.598684 3.960954 1.634519 -2.401063 1.403759 0.660150 5.011383
2.574673 3.974991 1.641120 -2.409135 1.391297 0.655005 5.012262
2.550582 3.988904 1.647671 -2.417127 1.378797 0.649842 5.013147
2.526410 4.002692 1.654169 -2.425039 1.366262 0.644662 5.014037
2.502160 4.016355 1.660616 -2.432871 1.353690 0.639464 5.014933
2.477831 4.029892 1.667010 -2.440623 1.341083 0.634249 5.015835
2.453425 4.043302 1.673353 -2.448294 1.328440 0.629016 5.016742
2.428942 4.056587 1.679643 -2.455885 1.315763 0.623767 5.017654
2.404383 4.069744 1.685881 -2.463395 1.303052 0.618502 5.018573
2.379749 4.082775 1.692066 -2.470823 1.290307 0.613220 5.019496
2.355041 4.095678 1.698198 -2.478171 1.277529 0.607922 5.020426
2.330259 4.108453 1.704277 -2.485437 1.264718 0.602608 5.021360
2.305405 4.121100 1.710303 -2.492621 1.251875 0.597278 5.022300
2.280479 4.133619 1.716276 -2.499724 1.239001 0.591932 5.023245
2.255481 4.146009 1.722195 -2.506745 1.226095 0.586571 5.024196
2.230414 4.158270 1.728061 -2.513684 1.213158 0.581195 5.025152
2.205277 4.170402 1.733873 -2.520541 1.200191 0.575804 5.026113
2.180072 4.182404 1.739631 -2.527316 1.187194 0.570398 5.027080
2.154799 4.194276 1.745335 -2.534008 1.174168 0.564977 5.028051
2.129459 4.206017 1.750985 -2.540618 1.161113 0.559543 5.029028
2.104052 4.217628 1.756580 -2.547144 1.148029 0.554093 5.030010
2.078581 4.229109 1.762121 -2.553589 1.134918 0.548630 5.030997
2.053045 4.240458 1.767607 -2.559950 1.121779 0.543154 5.031989
2.027446 4.251676 1.773039 -2.566228 1.108614 0.537663 5.032986
2.001783 4.262762 1.778415 -2.572423 1.095421 0.532160 5.033988
1.976059 4.273716 1.783737 -2.578535 1.082203 0.526643 5.034995
1.950274 4.284538 1.789003 -2.584563 1.068960 0.521113 5.036007
1.924428 4.295228 1.794215 -2.590508 1.055691 0.515570 5.037024
1.898523 4.305785 1.799370 -2.596369 1.042398 0.510015 5.038046
1.872559 4.316209 1.804470 -2.602147 1.029081 0.504448 5.039072
1.846538 4.326499 1.809515 -2.607840 1.015740 0.498868 5.040103
1.820459 4.336657 1.814504 -2.613450 1.002377 0.493277 5.041140
1.794325 4.346681 1.819436 -2.618976 0.988990 0.487673 5.042180
1.768135 4.356570 1.824313 -2.624418 0.975582 0.482058 5.043226
1.741891 4.366326 1.829134 -2.629776 0.962152 0.476432 5.044276
1.715593 4.375948 1.833898 -2.635049 0.948700 0.470795 5.045331
1.689243 4.385435 1.838606 -2.640239 0.935229 0.465147 5.046390
1.662840 4.394787 1.843257 -2.645344 0.921736 0.459488 5.047454
1.636387 4.404004 1.847852 -2.650364 0.908225 0.453819 5.048522
1.609883 4.413087 1.852390 -2.655300 0.894693 0.448139 5.049595
1.583330 4.422034 1.856872 -2.660152 0.881144 0.442449 5.050672
1.556729 4.430845 1.861296 -2.664919 0.867575 0.436750 5.051754
1.530080 4.439521 1.865664 -2.669601 0.853990 0.431040 5.052840
1.503384 4.448061 1.869974 -2.674199 0.840386 0.425321 5.053930
1.476642 4.456465 1.874227 -2.678712 0.826766 0.419593 5.055025
1.449854 4.464732 1.878423 -2.683140 0.813130 0.413856 5.056124
1.423023 4.472864 1.882562 -2.687484 0.799477 0.408110 5.057227
1.396148 4.480858 1.886643 -2.691742 0.785810 0.402355 5.058334
1.369231 4.488716 1.890667 -2.695916 0.772127 0.396592 5.059445
1.342272 4.496438 1.894633 -2.700005 0.758430 0.390821 5.060561
1.315272 4.504022 1.898541 -2.704009 0.744718 0.385041 5.061681
1.288231 4.511469 1.902391 -2.707928 0.730994 0.379254 5.062804
1.261152 4.518779 1.906184 -2.711762 0.717256 0.373458 5.063932
1.234035 4.525952 1.909918 -2.715511 0.703505 0.367656 5.065063
1.206879 4.532987 1.913595 -2.719175 0.689743 0.361846 5.066199
1.179688 4.539884 1.917213 -2.722755 0.675969 0.356029 5.067338
1.152460 4.546644 1.920774 -2.726249 0.662183 0.350205 5.068482
1.125198 4.553266 1.924276 -2.729658 0.648387 0.344375 5.069629
1.097901 4.559750 1.927719 -2.732982 0.634581 0.338538 5.070779
1.070571 4.566095 1.931105 -2.736222 0.620765 0.332695 5.071934
1.043209 4.572303 1.934432 -2.739376 0.606940 0.326846 5.073092
1.015815 4.578372 1.937700 -2.742446 0.593106 0.320991 5.074254
0.988391 4.584303 1.940910 -2.745430 0.579263 0.315130 5.075420
0.960937 4.590096 1.944061 -2.748330 0.565412 0.309264 5.076589
0.933453 4.595750 1.947154 -2.751144 0.551555 0.303393 5.077762
0.905942 4.601266 1.950188 -2.753874 0.537690 0.297516 5.078938
0.878403 4.606643 1.953163 -2.756519 0.523818 0.291635 5.080118
0.850838 4.611881 1.956079 -2.759080 0.509941 0.285749 5.081301
0.823247 4.616980 1.958937 -2.761555 0.496057 0.279858 5.082487
0.795632 4.621941 1.961736 -2.763946 0.482169 0.273963 5.083677
0.767992 4.626762 1.964475 -2.766252 0.468276 0.268065 5.084870
0.740330 4.631445 1.967156 -2.768473 0.454379 0.262162 5.086067
0.712645 4.635989 1.969777 -2.770610 0.440478 0.256256 5.087266
0.684939 4.640394 1.972340 -2.772663 0.426573 0.250346 5.088469
0.657212 4.644660 1.974843 -2.774630 0.412666 0.244432 5.089675
0.629466 4.648786 1.977288 -2.776514 0.398756 0.238516 5.090885
0.601701 4.652774 1.979673 -2.778313 0.384844 0.232597 5.092097
0.573918 4.656622 1.981999 -2.780028 0.370931 0.226675 5.093312
0.546117 4.660332 1.984266 -2.781658 0.357017 0.220751 5.094531
0.518301 4.663902 1.986473 -2.783205 0.343102 0.214824 5.095752
0.490469 4.667333 1.988621 -2.784667 0.329186 0.208895 5.096976
0.462622 4.670625 1.990710 -2.786045 0.315271 0.202964 5.098204
0.434762 4.673777 1.992740 -2.787340 0.301357 0.197031 5.099434
0.406888 4.676791 1.994710 -2.788550 0.287444 0.191097 5.100667
0.379003 4.679665 1.996621 -2.789677 0.273532 0.185162 5.101902
0.351106 4.682401 1.998473 -2.790720 0.259623 0.179225 5.103141
0.323199 4.684997 2.000265 -2.791679 0.245715 0.173287 5.104382
0.295282 4.687454 2.001998 -2.792555 0.231811 0.167349 5.105626
0.267356 4.689772 2.003672 -2.793347 0.217910 0.161410 5.106872
0.239423 4.691951 2.005286 -2.794057 0.204013 0.155470 5.108121
0.211482 4.693991 2.006840 -2.794683 0.190120 0.149531 5.109373
0.183535 4.695893 2.008336 -2.795225 0.176231 0.143591 5.110627
0.155583 4.697655 2.009772 -2.795685 0.162348 0.137651 5.111883
0.127626 4.699278 2.011148 -2.796062 0.148470 0.131712 5.113142
0.099666 4.700763 2.012465 -2.796356 0.134598 0.125773 5.114403
0.071702 4.702109 2.013723 -2.796568 0.120732 0.119835 5.115667
0.043736 4.703316 2.014921 -2.796697 0.106873 0.113897 5.116933
0.015770 4.704385 2.016060 -2.796743 0.093021 0.107961 5.118201
-0.012198 4.705315 2.017140 -2.796707 0.079176 0.102026 5.119472
-0.040165 4.706107 2.018160 -2.796589 0.065340 0.096093 5.120745
-0.068131 4.706760 2.019121 -2.796389 0.051512 0.090161 5.122020
-0.096095 4.707276 2.020023 -2.796107 0.037693 0.084230 5.123297
-0.124056 4.707652 2.020865 -2.795743 0.023883 0.078302 5.124576
-0.152013 4.707891 2.021648 -2.795297 0.010083 0.072376 5.125857
-0.179966 4.707992 2.022372 -2.794770 -0.003707 0.066452 5.127140
-0.207914 4.707955 2.023036 -2.794162 -0.017487 0.060531 5.128425
-0.235856 4.707780 2.023642 -2.793472 -0.031256 0.054613 5.129712
-0.263790 4.707468 2.024188 -2.792701 -0.045013 0.048697 5.131001
-0.291717 4.707017 2.024675 -2.791849 -0.058759 0.042784 5.132292
-0.319636 4.706430 2.025102 -2.790916 -0.072493 0.036875 5.133584
-0.347545 4.705705 2.025471 -2.789903 -0.086214 0.030969 5.134879
-0.375444 4.704843 2.025781 -2.788809 -0.099923 0.025066 5.136175
-0.403332 4.703844 2.026032 -2.787635 -0.113618 0.019168 5.137473
-0.431208 4.702707 2.026223 -2.786380 -0.127299 0.013273 5.138772
-0.459072 4.701434 2.026356 -2.785046 -0.140966 0.007382 5.140073
-0.486923 4.700025 2.026430 -2.783631 -0.154619 0.001496 5.141376
-0.514759 4.698479 2.026445 -2.782137 -0.168257 -0.004386 5.142680
-0.542580 4.696796 2.026401 -2.780563 -0.181880 -0.010264 5.143985
-0.570386 4.694977 2.026298 -2.778910 -0.195487 -0.016136 5.145293
-0.598175 4.693022 2.026137 -2.777178 -0.209078 -0.022004 5.146601
-0.625947 4.690932 2.025917 -2.775366 -0.222652 -0.027867 5.147911
-0.653700 4.688705 2.025638 -2.773476 -0.236210 -0.033724 5.149222
-0.681435 4.686343 2.025301 -2.771507 -0.249751 -0.039576 5.150535
-0.709150 4.683845 2.024905 -2.769460 -0.263274 -0.045422 5.151848
-0.736845 4.681213 2.024451 -2.767334 -0.276779 -0.051262 5.153164
-0.764518 4.678445 2.023938 -2.765130 -0.290265 -0.057097 5.154480
-0.792170 4.675542 2.023367 -2.762848 -0.303734 -0.062925 5.155797
-0.819798 4.672505 2.022738 -2.760489 -0.317182 -0.068747 5.157115
-0.847403 4.669333 2.022051 -2.758052 -0.330612 -0.074563 5.158435
-0.874983 4.666027 2.021305 -2.755537 -0.344022 -0.080372 5.159756
-0.902539 4.662587 2.020501 -2.752945 -0.357411 -0.086174 5.161077
-0.930068 4.659013 2.019640 -2.750276 -0.370780 -0.091970 5.162400
-0.957571 4.655305 2.018720 -2.747531 -0.384128 -0.097758 5.163723
-0.985046 4.651464 2.017742 -2.744708 -0.397455 -0.103539 5.165047
-1.012493 4.647489 2.016707 -2.741810 -0.410760 -0.109312 5.166372
-1.039912 4.643381 2.015614 -2.738835 -0.424044 -0.115078 5.167698
-1.067300 4.639141 2.014463 -2.735784 -0.437304 -0.120837 5.169025
-1.094658 4.634768 2.013255 -2.732657 -0.450543 -0.126587 5.170352
-1.121984 4.630262 2.011989 -2.729455 -0.463758 -0.132329 5.171680
-1.149279 4.625625 2.010665 -2.726178 -0.476949 -0.138064 5.173009
-1.176541 4.620855 2.009285 -2.722825 -0.490117 -0.143789 5.174338
-1.203769 4.615954 2.007847 -2.719397 -0.503261 -0.149507 5.175668
-1.230963 4.610922 2.006352 -2.715895 -0.516380 -0.155215 5.176999
-1.258122 4.605758 2.004800 -2.712318 -0.529475 -0.160915 5.178330
-1.285245 4.600463 2.003191 -2.708666 -0.542545 -0.166606 5.179661
-1.312332 4.595038 2.001525 -2.704941 -0.555588 -0.172288 5.180993
-1.339381 4.589482 1.999802 -2.701142 -0.568607 -0.177960 5.182325
-1.366392 4.583796 1.998022 -2.697269 -0.581599 -0.183623 5.183657
-1.393365 4.577980 1.996186 -2.693323 -0.594564 -0.189277 5.184990
-1.420298 4.572034 1.994293 -2.689304 -0.607503 -0.194921 5.186323
-1.447191 4.565959 1.992344 -2.685211 -0.620414 -0.200555 5.187656
-1.474043 4.559755 1.990338 -2.681046 -0.633298 -0.206178 5.188990
-1.500854 4.553422 1.988276 -2.676809 -0.646155 -0.211792 5.190323
-1.527622 4.546960 1.986159 -2.672499 -0.658983 -0.217396 5.191657
-1.554347 4.540370 1.983985 -2.668117 -0.671782 -0.222989 5.192991
-1.581028 4.533653 1.981755 -2.663663 -0.684553 -0.228571 5.194325
-1.607665 4.526807 1.979469 -2.659138 -0.697295 -0.234143 5.195658
-1.634256 4.519834 1.977128 -2.654542 -0.710007 -0.239704 5.196992
-1.660802 4.512734 1.974731 -2.649874 -0.722690 -0.245253 5.198326
-1.687300 4.505507 1.972278 -2.645136 -0.735343 -0.250792 5.199659
-1.713752 4.498154 1.969770 -2.640327 -0.747965 -0.256319 5.200993
-1.740155 4.490674 1.967207 -2.635448 -0.760556 -0.261835 5.202326
-1.766509 4.483069 1.964589 -2.630498 -0.773117 -0.267340 5.203659
-1.792814 4.475337 1.961915 -2.625479 -0.785646 -0.272832 5.204992
-1.819069 4.467481 1.959187 -2.620390 -0.798144 -0.278313 5.206324
-1.845273 4.459500 1.956404 -2.615232 -0.810610 -0.283782 5.207656
-1.871425 4.451393 1.953566 -2.610005 -0.823043 -0.289238 5.208988
-1.897526 4.443163 1.950674 -2.604709 -0.835444 -0.294683 5.210319
-1.923573 4.434809 1.947727 -2.599344 -0.847813 -0.300115 5.211650
-1.949566 4.426330 1.944726 -2.593911 -0.860148 -0.305534 5.212981
-1.975505 4.417729 1.941670 -2.588410 -0.872449 -0.310941 5.214310
-2.001389 4.409004 1.938561 -2.582841 -0.884718 -0.316335 5.215640
-2.027218 4.400157 1.935397 -2.577205 -0.896952 -0.321716 5.216968
-2.052990 4.391188 1.932180 -2.571501 -0.909152 -0.327085 5.218296
-2.078705 4.382096 1.928909 -2.565730 -0.921317 -0.332440 5.219624
-2.104362 4.372883 1.925585 -2.559893 -0.933447 -0.337781 5.220950
-2.129961 4.363549 1.922207 -2.553989 -0.945543 -0.343109 5.222276
-2.155501 4.354093 1.918776 -2.548018 -0.957603 -0.348424 5.223602
-2.180981 4.344517 1.915292 -2.541982 -0.969627 -0.353725 5.224926
-2.206401 4.334821 1.911755 -2.535880 -0.981616 -0.359012 5.226249
-2.231760 4.325005 1.908164 -2.529712 -0.993568 -0.364285 5.227572
-2.257057 4.315069 1.904522 -2.523480 -1.005483 -0.369544 5.228894
-2.282292 4.305014 1.900826 -2.517182 -1.017362 -0.374789 5.230214
-2.307463 4.294841 1.897078 -2.510820 -1.029204 -0.380020 5.231534
-2.332572 4.284549 1.893278 -2.504393 -1.041009 -0.385236 5.232853
-2.357616 4.274138 1.889426 -2.497903 -1.052776 -0.390438 5.234170
-2.382595 4.263611 1.885521 -2.491348 -1.064505 -0.395625 5.235487
-2.407508 4.252966 1.881565 -2.484730 -1.076196 -0.400797 5.236802
-2.432355 4.242204 1.877557 -2.478049 -1.087848 -0.405955 5.238117
-2.457136 4.231325 1.873498 -2.471305 -1.099463 -0.411097 5.239430
-2.481849 4.220331 1.869387 -2.464498 -1.111038 -0.416224 5.240741
-2.506494 4.209220 1.865224 -2.457628 -1.122574 -0.421336 5.242052
-2.531070 4.197994 1.861011 -2.450697 -1.134070 -0.426433 5.243361
-2.555577 4.186654 1.856747 -2.443703 -1.145528 -0.431514 5.244669
-2.580014 4.175198 1.852432 -2.436648 -1.156945 -0.436579 5.245975
-2.604381 4.163629 1.848066 -2.429532 -1.168322 -0.441629 5.247280
-2.628676 4.151946 1.843649 -2.422354 -1.179658 -0.446663 5.248584
-2.652899 4.140149 1.839183 -2.415116 -1.190954 -0.451681 5.249886
-2.677051 4.128240 1.834666 -2.407817 -1.202210 -0.456683 5.251187
-2.701129 4.116218 1.830099 -2.400458 -1.213424 -0.461669 5.252486
-2.725133 4.104083 1.825482 -2.393040 -1.224596 -0.466639 5.253783
-2.749064 4.091837 1.820816 -2.385561 -1.235728 -0.471592 5.255079
-2.772919 4.079480 1.816100 -2.378024 -1.246817 -0.476529 5.256373
-2.796700 4.067012 1.811335 -2.370427 -1.257864 -0.481449 5.257666
-2.820404 4.054433 1.806520 -2.362771 -1.268869 -0.486352 5.258957
-2.844032 4.041745 1.801657 -2.355057 -1.279832 -0.491239 5.260246
-2.867582 4.028946 1.796744 -2.347285 -1.290752 -0.496109 5.261533
-2.891055 4.016039 1.791783 -2.339455 -1.301628 -0.500962 5.262818
-2.914450 4.003023 1.786774 -2.331568 -1.312462 -0.505797 5.264102
-2.937765 3.989898 1.781716 -2.323623 -1.323252 -0.510616 5.265383
-2.961001 3.976665 1.776610 -2.315621 -1.333999 -0.515417 5.266663
-2.984158 3.963325 1.771455 -2.307562 -1.344702 -0.520201 5.267941
-3.007233 3.949878 1.766253 -2.299447 -1.355360 -0.524967 5.269217
-3.030228 3.936325 1.761004 -2.291276 -1.365975 -0.529715 5.270490
-3.053141 3.922665 1.755707 -2.283049 -1.376545 -0.534446 5.271762
-3.075971 3.908900 1.750362 -2.274767 -1.387070 -0.539159 5.273032
-3.098719 3.895029 1.744971 -2.266429 -1.397550 -0.543855 5.274299
-3.121383 3.881053 1.739532 -2.258036 -1.407986 -0.548532 5.275564
-3.143963 3.866973 1.734047 -2.249589 -1.418376 -0.553191 5.276827
-3.166459 3.852790 1.728515 -2.241088 -1.428720 -0.557832 5.278088
-3.188870 3.838503 1.722937 -2.232532 -1.439019 -0.562454 5.279347
-3.211195 3.824112 1.717312 -2.223922 -1.449271 -0.567059 5.280603
-3.233435 3.809620 1.711641 -2.215259 -1.459478 -0.571644 5.281857
-3.255587 3.795025 1.705925 -2.206543 -1.469638 -0.576212 5.283109
-3.277653 3.780328 1.700163 -2.197774 -1.479752 -0.580760 5.284358
-3.299630 3.765531 1.694355 -2.188953 -1.489819 -0.585290 5.285605
-3.321520 3.750633 1.688502 -2.180079 -1.499839 -0.589801 5.286850
-3.343321 3.735634 1.682604 -2.171154 -1.509812 -0.594293 5.288092
-3.365032 3.720536 1.676661 -2.162176 -1.519738 -0.598766 5.289331
-3.386654 3.705339 1.670674 -2.153148 -1.529616 -0.603220 5.290568
-3.408186 3.690043 1.664642 -2.144068 -1.539447 -0.607655 5.291803
-3.429626 3.674648 1.658565 -2.134937 -1.549230 -0.612070 5.293034
-3.450976 3.659156 1.652444 -2.125757 -1.558964 -0.616466 5.294264
-3.472233 3.643566 1.646280 -2.116526 -1.568651 -0.620843 5.295490
-3.493398 3.627880 1.640071 -2.107245 -1.578289 -0.625200 5.296714
-3.514471 3.612097 1.633819 -2.097914 -1.587879 -0.629538 5.297935
-3.535450 3.596218 1.627524 -2.088535 -1.597419 -0.633856 5.299153
-3.556335 3.580244 1.621185 -2.079106 -1.606911 -0.638154 5.300369
-3.577126 3.564175 1.614804 -2.069629 -1.616354 -0.642432 5.301582
-3.597823 3.548011 1.608379 -2.060104 -1.625748 -0.646690 5.302791
-3.618424 3.531754 1.601912 -2.050530 -1.635092 -0.650928 5.303998
-3.638929 3.515403 1.595403 -2.040909 -1.644386 -0.655147 5.305202
-3.659338 3.498959 1.588852 -2.031240 -1.653631 -0.659345 5.306404
-3.679651 3.482423 1.582258 -2.021525 -1.662826 -0.663522 5.307602
-3.699866 3.465794 1.575623 -2.011762 -1.671971 -0.667680 5.308797
-3.719983 3.449075 1.568946 -2.001953 -1.681065 -0.671817 5.309989
-3.740003 3.432264 1.562228 -1.992098 -1.690110 -0.675933 5.311178
-3.759924 3.415363 1.555469 -1.982197 -1.699103 -0.680029 5.312364
-3.779746 3.398372 1.548668 -1.972251 -1.708046 -0.684105 5.313547
-3.799468 3.381291 1.541827 -1.962259 -1.716938 -0.688159 5.314727
-3.819091 3.364122 1.534946 -1.952223 -1.725779 -0.692193 5.315904
-3.838613 3.346864 1.528024 -1.942141 -1.734569 -0.696206 5.317077
-3.858035 3.329519 1.521062 -1.932016 -1.743307 -0.700198 5.318247
-3.877355 3.312086 1.514060 -1.921846 -1.751994 -0.704169 5.319414
-3.896573 3.294566 1.507018 -1.911633 -1.760630 -0.708119 5.320578
-3.915690 3.276959 1.499937 -1.901376 -1.769213 -0.712048 5.321738
-3.934703 3.259267 1.492816 -1.891076 -1.777745 -0.715956 5.322895
-3.953614 3.241490 1.485657 -1.880734 -1.786225 -0.719843 5.324049
-3.972421 3.223627 1.478458 -1.870349 -1.794652 -0.723708 5.325199
-3.991125 3.205681 1.471221 -1.859922 -1.803027 -0.727551 5.326346
-4.009724 3.187651 1.463946 -1.849453 -1.811350 -0.731374 5.327489
-4.028219 3.169537 1.456632 -1.838942 -1.819620 -0.735174 5.328629
-4.046608 3.151341 1.449280 -1.828390 -1.827837 -0.738953 5.329766
-4.064892 3.133063 1.441891 -1.817798 -1.836002 -0.742711 5.330898
-4.083070 3.114703 1.434464 -1.807164 -1.844113 -0.746446 5.332028
-4.101142 3.096261 1.426999 -1.796491 -1.852172 -0.750160 5.333153
-4.119107 3.077740 1.419498 -1.785777 -1.860177 -0.753852 5.334275
-4.136964 3.059138 1.411959 -1.775024 -1.868128 -0.757523 5.335394
-4.154715 3.040457 1.404384 -1.764231 -1.876027 -0.761171 5.336509
-4.172357 3.021696 1.396772 -1.753399 -1.883871 -0.764797 5.337620
-4.189891 3.002858 1.389124 -1.742529 -1.891662 -0.768401 5.338727
-4.207316 2.983941 1.381440 -1.731620 -1.899399 -0.771983 5.339831
-4.224632 2.964947 1.373720 -1.720673 -1.907082 -0.775542 5.340930
-4.241839 2.945876 1.365965 -1.709688 -1.914711 -0.779080 5.342026
-4.258936 2.926729 1.358174 -1.698665 -1.922285 -0.782595 5.343119
-4.275923 2.907506 1.350348 -1.687606 -1.929805 -0.786087 5.344207
-4.292799 2.888208 1.342487 -1.676509 -1.937271 -0.789558 5.345291
-4.309564 2.868836 1.334592 -1.665376 -1.944682 -0.793005 5.346372
-4.326217 2.849389 1.326662 -1.654207 -1.952039 -0.796431 5.347448
-4.342760 2.829868 1.318697 -1.643002 -1.959340 -0.799833 5.348521
-4.359190 2.810275 1.310699 -1.631761 -1.966587 -0.803213 5.349590
-4.375507 2.790609 1.302667 -1.620484 -1.973779 -0.806570 5.350654
-4.391712 2.770871 1.294601 -1.609173 -1.980916 -0.809905 5.351715
-4.407804 2.751062 1.286502 -1.597827 -1.987997 -0.813216 5.352772
-4.423782 2.731182 1.278370 -1.586446 -1.995023 -0.816505 5.353824
-4.439646 2.711232 1.270205 -1.575032 -2.001994 -0.819771 5.354873
-4.455397 2.691212 1.262007 -1.563583 -2.008909 -0.823013 5.355917
-4.471033 2.671123 1.253777 -1.552101 -2.015769 -0.826233 5.356957
-4.486554 2.650965 1.245515 -1.540586 -2.022573 -0.829430 5.357993
-4.501959 2.630739 1.237221 -1.529038 -2.029321 -0.832603 5.359025
-4.517250 2.610446 1.228895 -1.517458 -2.036013 -0.835754 5.360052
-4.532424 2.590086 1.220537 -1.505845 -2.042649 -0.838881 5.361075
-4.547483 2.569660 1.212148 -1.494201 -2.049229 -0.841985 5.362094
-4.562425 2.549167 1.203728 -1.482524 -2.055753 -0.845066 5.363109
-4.577250 2.528610 1.195278 -1.470817 -2.062221 -0.848123 5.364119
-4.591958 2.507988 1.186796 -1.459078 -2.068632 -0.851157 5.365125
-4.606549 2.487301 1.178285 -1.447309 -2.074987 -0.854167 5.366127
-4.621022 2.466551 1.169743 -1.435509 -2.081285 -0.857154 5.367124
-4.635377 2.445739 1.161172 -1.423679 -2.087527 -0.860117 5.368117
-4.649614 2.424863 1.152571 -1.411819 -2.093712 -0.863057 5.369105
-4.663732 2.403926 1.143940 -1.399930 -2.099840 -0.865974 5.370089
-4.677732 2.382928 1.135280 -1.388012 -2.105912 -0.868866 5.371069
-4.691612 2.361869 1.126592 -1.376065 -2.111926 -0.871735 5.372044
-4.705372 2.340749 1.117874 -1.364089 -2.117884 -0.874580 5.373014
-4.719013 2.319571 1.109128 -1.352085 -2.123784 -0.877401 5.373980
-4.732534 2.298333 1.100354 -1.340053 -2.129627 -0.880199 5.374941
-4.745935 2.277036 1.091552 -1.327994 -2.135413 -0.882973 5.375898
-4.759215 2.255682 1.082723 -1.315907 -2.141142 -0.885722 5.376850
-4.772374 2.234271 1.073865 -1.303793 -2.146813 -0.888448 5.377797
-4.785412 2.212803 1.064981 -1.291653 -2.152427 -0.891150 5.378740
-4.798328 2.191278 1.056069 -1.279486 -2.157983 -0.893828 5.379678
-4.811123 2.169699 1.047131 -1.267293 -2.163482 -0.896482 5.380611
-4.823796 2.148064 1.038166 -1.255074 -2.168923 -0.899111 5.381540
-4.836347 2.126375 1.029175 -1.242830 -2.174307 -0.901717 5.382464
-4.848775 2.104632 1.020158 -1.230560 -2.179632 -0.904298 5.383383
-4.861080 2.082835 1.011115 -1.218266 -2.184900 -0.906856 5.384298
-4.873263 2.060986 1.002047 -1.205947 -2.190110 -0.909389 5.385207
-4.885323 2.039085 0.992953 -1.193604 -2.195262 -0.911897 5.386112
-4.897259 2.017132 0.983834 -1.181237 -2.200356 -0.914382 5.387012
-4.909071 1.995129 0.974690 -1.168846 -2.205392 -0.916842 5.387907
-4.920759 1.973075 0.965521 -1.156432 -2.210369 -0.919278 5.388797
-4.932324 1.950971 0.956329 -1.143995 -2.215289 -0.921689 5.389682
-4.943764 1.928818 0.947112 -1.131535 -2.220150 -0.924076 5.390562
-4.955079 1.906617 0.937871 -1.119052 -2.224953 -0.926439 5.391438
-4.966270 1.884367 0.928607 -1.106548 -2.229698 -0.928777 5.392308
-4.977335 1.862070 0.919319 -1.094022 -2.234384 -0.931091 5.393173
-4.988275 1.839727 0.910008 -1.081474 -2.239012 -0.933380 5.394034
-4.999090 1.817336 0.900674 -1.068905 -2.243581 -0.935644 5.394889
-5.009779 1.794901 0.891318 -1.056315 -2.248092 -0.937884 5.395739
-5.020342 1.772420 0.881939 -1.043704 -2.252544 -0.940100 5.396584
-5.030779 1.749894 0.872538 -1.031073 -2.256937 -0.942290 5.397425
-5.041090 1.727325 0.863115 -1.018422 -2.261272 -0.944456 5.398260
-5.051274 1.704712 0.853670 -1.005752 -2.265548 -0.946598 5.399090
-5.061332 1.682057 0.844204 -0.993061 -2.269766 -0.948714 5.399914
-5.071262 1.659359 0.834717 -0.980352 -2.273924 -0.950806 5.400734
-5.081066 1.636620 0.825209 -0.967624 -2.278024 -0.952873 5.401548
-5.090742 1.613840 0.815681 -0.954878 -2.282065 -0.954916 5.402358
-5.100291 1.591019 0.806131 -0.942113 -2.286047 -0.956933 5.403162
-5.109712 1.568158 0.796562 -0.929330 -2.289970 -0.958926 5.403961
-5.119005 1.545259 0.786973 -0.916530 -2.293834 -0.960894 5.404754
-5.128171 1.522320 0.777364 -0.903713 -2.297638 -0.962837 5.405542
-5.137208 1.499344 0.767735 -0.890878 -2.301384 -0.964755 5.406325
-5.146117 1.476330 0.758088 -0.878027 -2.305071 -0.966648 5.407103
-5.154897 1.453280 0.748421 -0.865159 -2.308699 -0.968516 5.407875
-5.163548 1.430193 0.738736 -0.852276 -2.312267 -0.970359 5.408643
-5.172071 1.407070 0.729033 -0.839376 -2.315777 -0.972178 5.409404
-5.180465 1.383912 0.719311 -0.826461 -2.319227 -0.973971 5.410161
-5.188730 1.360720 0.709571 -0.813530 -2.322618 -0.975739 5.410912
-5.196865 1.337494 0.699814 -0.800585 -2.325949 -0.977482 5.411657
-5.204871 1.314234 0.690039 -0.787625 -2.329222 -0.979201 5.412397
-5.212747 1.290942 0.680247 -0.774651 -2.332435 -0.980894 5.413132
-5.220493 1.267618 0.670438 -0.761663 -2.335589 -0.982562 5.413861
-5.228110 1.244262 0.660612 -0.748661 -2.338683 -0.984205 5.414585
-5.235597 1.220875 0.650770 -0.735646 -2.341718 -0.985822 5.415303
-5.242953 1.197458 0.640912 -0.722617 -2.344694 -0.987415 5.416016
-5.250179 1.174011 0.631038 -0.709576 -2.347610 -0.988983 5.416723
-5.257275 1.150535 0.621148 -0.696522 -2.350467 -0.990525 5.417425
-5.264240 1.127030 0.611243 -0.683456 -2.353264 -0.992042 5.418121
-5.271075 1.103497 0.601323 -0.670377 -2.356002 -0.993534 5.418812
-5.277779 1.079937 0.591387 -0.657288 -2.358680 -0.995001 5.419497
-5.284352 1.056351 0.581437 -0.644186 -2.361299 -0.996442 5.420177
-5.290793 1.032738 0.571473 -0.631074 -2.363859 -0.997859 5.420851
-5.297104 1.009099 0.561494 -0.617951 -2.366359 -0.999250 5.421519
-5.303284 0.985435 0.551502 -0.604817 -2.368799 -1.000615 5.422182
-5.309332 0.961747 0.541496 -0.591674 -2.371180 -1.001956 5.422839
-5.315249 0.938036 0.531476 -0.578520 -2.373501 -1.003271 5.423490
-5.321034 0.914301 0.521443 -0.565357 -2.375763 -1.004561 5.424136
-5.326687 0.890543 0.511398 -0.552184 -2.377966 -1.005826 5.424776
-5.332209 0.866763 0.501339 -0.539002 -2.380108 -1.007065 5.425410
-5.337599 0.842962 0.491269 -0.525812 -2.382191 -1.008279 5.426039
-5.342857 0.819140 0.481186 -0.512613 -2.384215 -1.009468 5.426661
-5.347983 0.795298 0.471091 -0.499406 -2.386179 -1.010631 5.427279
-5.352977 0.771436 0.460985 -0.486191 -2.388083 -1.011769 5.427890
-5.357839 0.747555 0.450867 -0.472969 -2.389928 -1.012882 5.428496
-5.362569 0.723656 0.440738 -0.459739 -2.391714 -1.013969 5.429095
-5.367166 0.699739 0.430599 -0.446503 -2.393439 -1.015031 5.429689
-5.371632 0.675805 0.420448 -0.433259 -2.395105 -1.016068 5.430278
-5.375964 0.651854 0.410288 -0.420009 -2.396712 -1.017079 5.430860
-5.380164 0.627886 0.400117 -0.406753 -2.398259 -1.018065 5.431436
-5.384232 0.603904 0.389936 -0.393492 -2.399747 -1.019025 5.432007
-5.388167 0.579906 0.379746 -0.380224 -2.401174 -1.019960 5.432572
-5.391969 0.555895 0.369546 -0.366952 -2.402543 -1.020870 5.433131
-5.395638 0.531869 0.359338 -0.353674 -2.403852 -1.021754 5.433684
-5.399175 0.507831 0.349120 -0.340392 -2.405101 -1.022613 5.434231
-5.402579 0.483780 0.338894 -0.327105 -2.406291 -1.023447 5.434773
-5.405850 0.459717 0.328660 -0.313814 -2.407421 -1.024255 5.435308
-5.408988 0.435643 0.318417 -0.300520 -2.408492 -1.025037 5.435837
-5.411993 0.411558 0.308167 -0.287221 -2.409503 -1.025794 5.436361
-5.414866 0.387463 0.297909 -0.273920 -2.410455 -1.026526 5.436878
-5.417605 0.363358 0.287643 -0.260616 -2.411347 -1.027233 5.437390
-5.420211 0.339245 0.277371 -0.247309 -2.412180 -1.027914 5.437896
-5.422684 0.315123 0.267092 -0.233999 -2.412953 -1.028569 5.438395
-5.425024 0.290993 0.256806 -0.220687 -2.413667 -1.029199 5.438889
-5.427231 0.266857 0.246514 -0.207374 -2.414322 -1.029804 5.439377
-5.429305 0.242713 0.236216 -0.194059 -2.414917 -1.030383 5.439858
-5.431245 0.218564 0.225912 -0.180743 -2.415453 -1.030937 5.440334
-5.433053 0.194410 0.215603 -0.167425 -2.415930 -1.031466 5.440803
-5.434727 0.170250 0.205288 -0.154108 -2.416347 -1.031969 5.441267
-5.436268 0.146087 0.194969 -0.140789 -2.416705 -1.032446 5.441724
-5.437676 0.121920 0.184644 -0.127471 -2.417003 -1.032899 5.442176
-5.438951 0.097750 0.174315 -0.114152 -2.417243 -1.033325 5.442621
-5.440092 0.073577 0.163982 -0.100834 -2.417423 -1.033727 5.443060
-5.441101 0.049403 0.153645 -0.087517 -2.417544 -1.034103 5.443494
-5.441976 0.025228 0.143304 -0.074201 -2.417606 -1.034454 5.443921
-5.442718 0.001052 0.132959 -0.060886 -2.417608 -1.034779 5.444342
-5.443327 -0.023124 0.122611 -0.047573 -2.417552 -1.035079 5.444756
-5.443802 -0.047300 0.112261 -0.034261 -2.417436 -1.035353 5.445165
-5.444145 -0.071474 0.101907 -0.020952 -2.417261 -1.035602 5.445568
-5.444354 -0.095647 0.091551 -0.007645 -2.417027 -1.035826 5.445964
-5.444431 -0.119817 0.081193 0.005660 -2.416735 -1.036025 5.446354
-5.444374 -0.143984 0.070833 0.018961 -2.416383 -1.036198 5.446738
-5.444185 -0.168148 0.060471 0.032259 -2.415972 -1.036345 5.447116
-5.443862 -0.192308 0.050107 0.045554 -2.415502 -1.036468 5.447488
-5.443407 -0.216463 0.039742 0.058845 -2.414974 -1.036565 5.447854
-5.442818 -0.240613 0.029377 0.072132 -2.414387 -1.036636 5.448213
-5.442097 -0.264757 0.019010 0.085414 -2.413740 -1.036683 5.448566
-5.441243 -0.288894 0.008644 0.098692 -2.413035 -1.036704 5.448913
-5.440256 -0.313024 -0.001723 0.111965 -2.412272 -1.036700 5.449254
-5.439136 -0.337147 -0.012090 0.125233 -2.411449 -1.036670 5.449589
-5.437884 -0.361262 -0.022457 0.138495 -2.410568 -1.036616 5.449917
-5.436499 -0.385367 -0.032823 0.151752 -2.409629 -1.036535 5.450239
-5.434981 -0.409464 -0.043189 0.165003 -2.408630 -1.036430 5.450555
-5.433331 -0.433550 -0.053553 0.178247 -2.407573 -1.036300 5.450864
-5.431549 -0.457626 -0.063916 0.191485 -2.406458 -1.036144 5.451168
-5.429634 -0.481690 -0.074277 0.204716 -2.405284 -1.035963 5.451465
-5.427587 -0.505743 -0.084637 0.217939 -2.404052 -1.035757 5.451755
-5.425407 -0.529784 -0.094995 0.231156 -2.402762 -1.035525 5.452040
-5.423096 -0.553811 -0.105350 0.244365 -2.401413 -1.035269 5.452318
-5.420652 -0.577825 -0.115702 0.257566 -2.400005 -1.034987 5.452590
-5.418076 -0.601825 -0.126052 0.270758 -2.398540 -1.034680 5.452856
-5.415369 -0.625811 -0.136399 0.283942 -2.397016 -1.034348 5.453115
-5.412529 -0.649781 -0.146743 0.297118 -2.395435 -1.033991 5.453368
-5.409558 -0.673735 -0.157083 0.310284 -2.393795 -1.033608 5.453615
-5.406455 -0.697673 -0.167419 0.323441 -2.392097 -1.033201 5.453855
-5.403221 -0.721594 -0.177751 0.336589 -2.390341 -1.032768 5.454089
-5.399855 -0.745498 -0.188078 0.349727 -2.388527 -1.032311 5.454317
-5.396358 -0.769383 -0.198401 0.362854 -2.386656 -1.031828 5.454539
-5.392729 -0.793249 -0.208720 0.375972 -2.384726 -1.031320 5.454754
-5.388970 -0.817097 -0.219033 0.389078 -2.382739 -1.030788 5.454963
