-0.785197 -1.199056 -0.528686 4.570766 -1.949229 -1.017576 1.527671
-0.739489 -1.218548 -0.538862 4.653270 -1.813276 -0.957455 1.523836
-0.692956 -1.236681 -0.548437 4.731172 -1.674249 -0.895800 1.519984
-0.645645 -1.253423 -0.557395 4.804312 -1.532258 -0.832657 1.516119
-0.597601 -1.268746 -0.565721 4.872531 -1.387425 -0.768077 1.512245
-0.548876 -1.282620 -0.573402 4.935672 -1.239876 -0.702115 1.508366
-0.499519 -1.295019 -0.580423 4.993581 -1.089745 -0.634827 1.504488
-0.449584 -1.305916 -0.586772 5.046106 -0.937176 -0.566274 1.500614
-0.399123 -1.315288 -0.592434 5.093097 -0.782318 -0.496523 1.496750
-0.348192 -1.323111 -0.597400 5.134410 -0.625330 -0.425642 1.492899
-0.296847 -1.329364 -0.601656 5.169904 -0.466380 -0.353702 1.489066
-0.245148 -1.334028 -0.605193 5.199442 -0.305641 -0.280782 1.485257
-0.193154 -1.337085 -0.608001 5.222894 -0.143298 -0.206961 1.481475
-0.140925 -1.338518 -0.610070 5.240135 0.020460 -0.132323 1.477726
-0.088524 -1.338313 -0.611394 5.251048 0.185433 -0.056957 1.474015
-0.036013 -1.336459 -0.611963 5.255520 0.351413 0.019045 1.470346
0.016542 -1.332945 -0.611773 5.253451 0.518186 0.095588 1.466724
0.069077 -1.327763 -0.610817 5.244745 0.685530 0.172572 1.463155
0.121524 -1.320907 -0.609091 5.229318 0.853214 0.249893 1.459643
0.173817 -1.312375 -0.606592 5.207095 1.021002 0.327447 1.456192
0.225888 -1.302165 -0.603318 5.178013 1.188651 0.405122 1.452808
0.277668 -1.290279 -0.599267 5.142018 1.355911 0.482805 1.449496
0.329088 -1.276720 -0.594438 5.099071 1.522527 0.560381 1.446260
0.380079 -1.261494 -0.588835 5.049144 1.688238 0.637731 1.443106
0.430571 -1.244612 -0.582457 4.992221 1.852778 0.714733 1.440037
0.480493 -1.226084 -0.575310 4.928303 2.015879 0.791264 1.437059
0.529776 -1.205925 -0.567397 4.857404 2.177268 0.867199 1.434175
0.578350 -1.184153 -0.558725 4.779551 2.336670 0.942410 1.431391
0.626145 -1.160786 -0.549301 4.694788 2.493807 1.016770 1.428711
0.673093 -1.135848 -0.539134 4.603177 2.648402 1.090149 1.426138
0.719125 -1.109364 -0.528232 4.504792 2.800176 1.162417 1.423678
0.764173 -1.081362 -0.516608 4.399725 2.948853 1.233446 1.421333
0.808170 -1.051874 -0.504273 4.288087 3.094157 1.303105 1.419108
0.851051 -1.020932 -0.491242 4.170000 3.235814 1.371267 1.417007
0.892751 -0.988574 -0.477530 4.045609 3.373557 1.437803 1.415033
0.933207 -0.954838 -0.463152 3.915071 3.507121 1.502590 1.413188
0.972358 -0.919767 -0.448126 3.778561 3.636248 1.565502 1.411477
1.010143 -0.883405 -0.432471 3.636270 3.760686 1.626421 1.409902
1.046506 -0.845798 -0.416207 3.488406 3.880191 1.685228 1.408466
1.081390 -0.806996 -0.399354 3.335191 3.994529 1.741810 1.407171
1.114742 -0.767051 -0.381936 3.176863 4.103475 1.796057 1.406020
1.146511 -0.726016 -0.363976 3.013672 4.206814 1.847864 1.405014
1.176647 -0.683948 -0.345497 2.845884 4.304343 1.897131 1.404155
1.205106 -0.640904 -0.326526 2.673777 4.395874 1.943764 1.403445
1.231844 -0.596946 -0.307088 2.497640 4.481229 1.987673 1.402885
1.256820 -0.552133 -0.287211 2.317775 4.560245 2.028777 1.402476
1.279998 -0.506531 -0.266924 2.134492 4.632775 2.066997 1.402219
1.301343 -0.460203 -0.246254 1.948111 4.698687 2.102266 1.402113
1.320824 -0.413216 -0.225231 1.758959 4.757862 2.134521 1.402160
1.338414 -0.365638 -0.203886 1.567369 4.810202 2.163707 1.402359
1.354087 -0.317536 -0.182249 1.373681 4.855622 2.189775 1.402710
1.367824 -0.268979 -0.160351 1.178238 4.894056 2.212687 1.403213
1.379607 -0.220039 -0.138224 0.981387 4.925452 2.232410 1.403865
1.389421 -0.170784 -0.115900 0.783474 4.949779 2.248919 1.404667
1.397255 -0.121286 -0.093411 0.584849 4.967021 2.262198 1.405617
1.403104 -0.071616 -0.070789 0.385858 4.977177 2.272237 1.406713
1.406962 -0.021844 -0.048066 0.186846 4.980267 2.279036 1.407953
1.408831 0.027958 -0.025276 -0.011844 4.976324 2.282601 1.409335
1.408712 0.077721 -0.002450 -0.209874 4.965399 2.282945 1.410857
1.406614 0.127375 0.020379 -0.406914 4.947556 2.280090 1.412516
1.402544 0.176851 0.043180 -0.602638 4.922876 2.274065 1.414310
1.396518 0.226080 0.065921 -0.796727 4.891456 2.264903 1.416235
1.388551 0.274994 0.088570 -0.988872 4.853402 2.252647 1.418288
1.378662 0.323528 0.111097 -1.178772 4.808839 2.237344 1.420466
1.366874 0.371617 0.133470 -1.366137 4.757899 2.219049 1.422765
1.353213 0.419196 0.155660 -1.550688 4.700730 2.197820 1.425181
1.337706 0.466203 0.177639 -1.732156 4.637486 2.173722 1.427711
1.320385 0.512578 0.199376 -1.910284 4.568336 2.146825 1.430350
1.301282 0.558261 0.220844 -2.084828 4.493455 2.117202 1.433095
1.280433 0.603196 0.242016 -2.255557 4.413027 2.084933 1.435941
1.257878 0.647326 0.262865 -2.422252 4.327243 2.050098 1.438884
1.233655 0.690598 0.283366 -2.584706 4.236301 2.012783 1.441918
1.207808 0.732961 0.303494 -2.742728 4.140405 1.973075 1.445041
1.180381 0.774366 0.323225 -2.896139 4.039763 1.931067 1.448246
1.151420 0.814763 0.342536 -3.044772 3.934588 1.886850 1.451529
1.120972 0.854109 0.361404 -3.188476 3.825095 1.840519 1.454886
1.089087 0.892360 0.379809 -3.327110 3.711503 1.792172 1.458311
1.055816 0.929475 0.397731 -3.460549 3.594031 1.741905 1.461801
1.021211 0.965415 0.415150 -3.588680 3.472902 1.689816 1.465349
0.985324 1.000144 0.432048 -3.711400 3.348335 1.636005 1.468951
0.948210 1.033628 0.448408 -3.828622 3.220554 1.580571 1.472602
0.909924 1.065833 0.464214 -3.940267 3.089778 1.523613 1.476298
0.870521 1.096731 0.479450 -4.046272 2.956228 1.465230 1.480033
0.830058 1.126293 0.494102 -4.146581 2.820120 1.405520 1.483803
0.788592 1.154494 0.508158 -4.241151 2.681671 1.344580 1.487602
0.746181 1.181311 0.521603 -4.329948 2.541092 1.282508 1.491426
0.702881 1.206722 0.534429 -4.412949 2.398595 1.219400 1.495271
0.658752 1.230708 0.546623 -4.490139 2.254384 1.155348 1.499131
0.613851 1.253252 0.558176 -4.561514 2.108664 1.090447 1.503001
0.568235 1.274339 0.569081 -4.627076 1.961633 1.024787 1.506879
0.521965 1.293955 0.579328 -4.686837 1.813485 0.958459 1.510757
0.475096 1.312090 0.588913 -4.740815 1.664412 0.891549 1.514633
0.427688 1.328734 0.597828 -4.789036 1.514598 0.824145 1.518502
0.379798 1.343880 0.606070 -4.831533 1.364226 0.756329 1.522360
0.331482 1.357522 0.613633 -4.868345 1.213471 0.688184 1.526202
0.282799 1.369657 0.620515 -4.899515 1.062506 0.619790 1.530024
0.233804 1.380282 0.626713 -4.925095 0.911497 0.551225 1.533822
0.184553 1.389397 0.632225 -4.945137 0.760607 0.482564 1.537593
0.135102 1.397003 0.637051 -4.959703 0.609991 0.413882 1.541332
0.085504 1.403103 0.641190 -4.968855 0.459804 0.345249 1.545035
0.035816 1.407701 0.644642 -4.972662 0.310191 0.276736 1.548699
-0.013911 1.410803 0.647410 -4.971194 0.161295 0.208408 1.552320
-0.063623 1.412416 0.649494 -4.964525 0.013254 0.140332 1.555895
-0.113268 1.412548 0.650897 -4.952734 -0.133799 0.072571 1.559419
-0.162795 1.411210 0.651623 -4.935898 -0.279736 0.005185 1.562891
-0.212154 1.408413 0.651674 -4.914102 -0.424433 -0.061767 1.566306
-0.261295 1.404169 0.651057 -4.887429 -0.567771 -0.128227 1.569662
-0.310169 1.398491 0.649775 -4.855966 -0.709634 -0.194140 1.572955
-0.358729 1.391394 0.647833 -4.819799 -0.849912 -0.259454 1.576183
-0.406927 1.382895 0.645239 -4.779019 -0.988499 -0.324116 1.579342
-0.454717 1.373010 0.641997 -4.733716 -1.125290 -0.388078 1.582430
-0.502054 1.361757 0.638117 -4.683982 -1.260188 -0.451291 1.585445
-0.548894 1.349156 0.633604 -4.629908 -1.393098 -0.513709 1.588383
-0.595193 1.335225 0.628467 -4.571589 -1.523927 -0.575288 1.591242
-0.640909 1.319985 0.622714 -4.509119 -1.652589 -0.635985 1.594020
-0.686000 1.303459 0.616354 -4.442591 -1.778997 -0.695758 1.596714
-0.730426 1.285669 0.609396 -4.372101 -1.903071 -0.754568 1.599323
-0.774147 1.266639 0.601851 -4.297744 -2.024732 -0.812377 1.601843
-0.817125 1.246391 0.593727 -4.219615 -2.143906 -0.869145 1.604274
-0.859321 1.224952 0.585035 -4.137810 -2.260518 -0.924839 1.606614
-0.900699 1.202347 0.575787 -4.052424 -2.374500 -0.979424 1.608859
-0.941223 1.178602 0.565993 -3.963553 -2.485784 -1.032865 1.611010
-0.980859 1.153744 0.555664 -3.871294 -2.594305 -1.085131 1.613063
-1.019572 1.127801 0.544813 -3.775740 -2.700001 -1.136190 1.615018
-1.057329 1.100801 0.533451 -3.676989 -2.802813 -1.186013 1.616873
-1.094099 1.072773 0.521591 -3.575136 -2.902681 -1.234569 1.618627
-1.129850 1.043746 0.509245 -3.470275 -2.999550 -1.281832 1.620277
-1.164553 1.013751 0.496427 -3.362503 -3.093367 -1.327773 1.621824
-1.198178 0.982817 0.483149 -3.251914 -3.184079 -1.372367 1.623266
-1.230697 0.950976 0.469425 -3.138603 -3.271635 -1.415587 1.624602
-1.262083 0.918260 0.455270 -3.022666 -3.355988 -1.457409 1.625831
-1.292310 0.884700 0.440695 -2.904198 -3.437090 -1.497808 1.626952
-1.321352 0.850329 0.425717 -2.783293 -3.514896 -1.536761 1.627964
-1.349185 0.815180 0.410350 -2.660046 -3.589362 -1.574246 1.628866
-1.375785 0.779287 0.394607 -2.534553 -3.660445 -1.610241 1.629659
-1.401131 0.742682 0.378505 -2.406908 -3.728104 -1.644723 1.630341
-1.425200 0.705401 0.362058 -2.277207 -3.792300 -1.677672 1.630911
-1.447972 0.667478 0.345281 -2.145545 -3.852993 -1.709068 1.631370
-1.469428 0.628948 0.328190 -2.012016 -3.910146 -1.738891 1.631718
-1.489548 0.589847 0.310801 -1.876718 -3.963723 -1.767122 1.631953
-1.508315 0.550210 0.293130 -1.739746 -4.013688 -1.793741 1.632075
-1.525712 0.510073 0.275193 -1.601197 -4.060007 -1.818732 1.632086
-1.541724 0.469473 0.257005 -1.461168 -4.102648 -1.842074 1.631984
-1.556336 0.428446 0.238585 -1.319756 -4.141577 -1.863753 1.631769
-1.569534 0.387030 0.219947 -1.177059 -4.176765 -1.883750 1.631443
-1.581304 0.345263 0.201110 -1.033176 -4.208180 -1.902049 1.631004
-1.591636 0.303181 0.182089 -0.888206 -4.235795 -1.918634 1.630454
-1.600518 0.260823 0.162903 -0.742249 -4.259580 -1.933489 1.629793
-1.607940 0.218227 0.143568 -0.595407 -4.279509 -1.946601 1.629020
-1.613895 0.175432 0.124102 -0.447782 -4.295556 -1.957952 1.628138
-1.618372 0.132477 0.104522 -0.299476 -4.307696 -1.967531 1.627146
-1.621367 0.089400 0.084847 -0.150593 -4.315906 -1.975322 1.626045
-1.622873 0.046241 0.065094 -0.001240 -4.320161 -1.981312 1.624836
-1.622885 0.003039 0.045281 0.148478 -4.320441 -1.985490 1.623520
-1.621401 -0.040165 0.025426 0.298454 -4.316726 -1.987842 1.622097
-1.618416 -0.083333 0.005547 0.448576 -4.308996 -1.988356 1.620570
-1.613930 -0.126423 -0.014336 0.598736 -4.297234 -1.987022 1.618938
-1.607943 -0.169395 -0.034206 0.748821 -4.281423 -1.983829 1.617203
-1.600455 -0.212209 -0.054045 0.898717 -4.261548 -1.978768 1.615367
-1.591468 -0.254825 -0.073832 1.048309 -4.237595 -1.971828 1.613430
-1.580984 -0.297201 -0.093551 1.197479 -4.209553 -1.963001 1.611394
-1.569010 -0.339296 -0.113181 1.346108 -4.177412 -1.952280 1.609262
-1.555549 -0.381070 -0.132703 1.494077 -4.141164 -1.939656 1.607033
-1.540608 -0.422482 -0.152100 1.641261 -4.100802 -1.925125 1.604711
-1.524195 -0.463490 -0.171351 1.787536 -4.056321 -1.908681 1.602297
-1.506320 -0.504053 -0.190438 1.932776 -4.007720 -1.890319 1.599792
-1.486992 -0.544130 -0.209341 2.076852 -3.954999 -1.870036 1.597200
-1.466224 -0.583680 -0.228042 2.219633 -3.898160 -1.847829 1.594521
-1.444027 -0.622662 -0.246520 2.360985 -3.837209 -1.823698 1.591758
-1.420417 -0.661034 -0.264757 2.500775 -3.772154 -1.797642 1.588914
-1.395410 -0.698756 -0.282733 2.638864 -3.703005 -1.769663 1.585990
-1.369021 -0.735786 -0.300430 2.775113 -3.629777 -1.739763 1.582990
-1.341270 -0.772083 -0.317828 2.909382 -3.552487 -1.707947 1.579915
-1.312176 -0.807608 -0.334907 3.041526 -3.471156 -1.674219 1.576769
-1.281761 -0.842320 -0.351649 3.171400 -3.385809 -1.638589 1.573554
-1.250047 -0.876178 -0.368035 3.298856 -3.296472 -1.601063 1.570272
-1.217058 -0.909143 -0.384046 3.423746 -3.203180 -1.561654 1.566928
-1.182821 -0.941174 -0.399662 3.545916 -3.105969 -1.520374 1.563523
-1.147362 -0.972234 -0.414866 3.665214 -3.004880 -1.477238 1.560061
-1.110710 -1.002283 -0.429638 3.781486 -2.899958 -1.432262 1.556546
-1.072895 -1.031283 -0.443961 3.894575 -2.791256 -1.385467 1.552980
-1.033949 -1.059195 -0.457816 4.004322 -2.678828 -1.336872 1.549368
-0.993906 -1.085983 -0.471184 4.110570 -2.562737 -1.286503 1.545711
-0.952800 -1.111611 -0.484049 4.213158 -2.443051 -1.234385 1.542015
-0.910668 -1.136041 -0.496393 4.311925 -2.319841 -1.180549 1.538282
-0.867549 -1.159240 -0.508199 4.406710 -2.193187 -1.125025 1.534518
-0.823482 -1.181172 -0.519449 4.497350 -2.063176 -1.067850 1.530724
-0.778509 -1.201803 -0.530127 4.583685 -1.929898 -1.009060 1.526906
-0.732672 -1.221102 -0.540218 4.665553 -1.793454 -0.948696 1.523067
