-0.683974 0.653682 0.283397 -4.626639 -4.005195 -1.736408 0.987641
-0.730241 0.613630 0.266033 -4.329739 -4.254683 -1.844571 0.990236
-0.773538 0.571083 0.247587 -4.017735 -4.485028 -1.944435 0.992873
-0.813716 0.526233 0.228143 -3.692157 -4.695580 -2.035718 0.995542
-0.850637 0.479277 0.207786 -3.354550 -4.885799 -2.118185 0.998231
-0.884183 0.430419 0.186604 -3.006461 -5.055248 -2.191648 1.000930
-0.914247 0.379866 0.164687 -2.649430 -5.203593 -2.255962 1.003628
-0.940742 0.327830 0.142128 -2.284987 -5.330594 -2.311022 1.006314
-0.963591 0.274524 0.119018 -1.914641 -5.436105 -2.356765 1.008978
-0.982738 0.220163 0.095450 -1.539878 -5.520063 -2.393165 1.011611
-0.998137 0.164963 0.071518 -1.162152 -5.582490 -2.420229 1.014201
-1.009758 0.109138 0.047316 -0.782883 -5.623483 -2.438001 1.016741
-1.017587 0.052903 0.022936 -0.403456 -5.643209 -2.446554 1.019219
-1.021622 -0.003529 -0.001530 -0.025214 -5.641902 -2.445987 1.021629
-1.021874 -0.059948 -0.025989 0.350544 -5.619858 -2.436431 1.023960
-1.018368 -0.116147 -0.050354 0.722559 -5.577429 -2.418036 1.026206
-1.011143 -0.171921 -0.074534 1.089620 -5.515019 -2.390979 1.028359
-1.000246 -0.227071 -0.098444 1.450561 -5.433080 -2.355455 1.030410
-0.985741 -0.281402 -0.121998 1.804261 -5.332108 -2.311680 1.032354
-0.967698 -0.334723 -0.145115 2.149648 -5.212640 -2.259886 1.034185
-0.946202 -0.386849 -0.167714 2.485692 -5.075251 -2.200323 1.035895
-0.921345 -0.437602 -0.189717 2.811411 -4.920547 -2.133253 1.037480
-0.893231 -0.486807 -0.211050 3.125866 -4.749170 -2.058954 1.038934
-0.861972 -0.534299 -0.231639 3.428164 -4.561789 -1.977717 1.040254
-0.827690 -0.579917 -0.251417 3.717453 -4.359100 -1.889843 1.041434
-0.790516 -0.623508 -0.270315 3.992925 -4.141826 -1.795647 1.042472
-0.750587 -0.664926 -0.288271 4.253812 -3.910712 -1.695450 1.043364
-0.708049 -0.704033 -0.305226 4.499390 -3.666527 -1.589586 1.044107
-0.663055 -0.740699 -0.321122 4.728971 -3.410062 -1.478398 1.044699
-0.615765 -0.774799 -0.335906 4.941909 -3.142128 -1.362238 1.045138
-0.566346 -0.806221 -0.349528 5.137598 -2.863556 -1.241467 1.045423
-0.514970 -0.834856 -0.361943 5.315468 -2.575197 -1.116452 1.045553
-0.461815 -0.860608 -0.373107 5.474990 -2.277922 -0.987571 1.045528
-0.407065 -0.883387 -0.382983 5.615673 -1.972621 -0.855211 1.045347
-0.350909 -0.903114 -0.391535 5.737065 -1.660201 -0.719765 1.045012
-0.293538 -0.919716 -0.398733 5.838753 -1.341592 -0.581635 1.044523
-0.235150 -0.933131 -0.404549 5.920364 -1.017739 -0.441232 1.043882
-0.175947 -0.943309 -0.408962 5.981567 -0.689608 -0.298975 1.043091
-0.116131 -0.950205 -0.411951 6.022073 -0.358183 -0.155289 1.042151
-0.055910 -0.953787 -0.413504 6.041635 -0.024469 -0.010611 1.041067
0.004506 -0.954031 -0.413610 6.040053 0.310513 0.134617 1.039841
0.064907 -0.950926 -0.412264 6.017173 0.645722 0.279943 1.038477
0.125078 -0.944469 -0.409465 5.972891 0.980099 0.424909 1.036980
0.184807 -0.934668 -0.405216 5.907153 1.312567 0.569047 1.035354
0.243879 -0.921542 -0.399525 5.819963 1.642034 0.711884 1.033604
0.302078 -0.905122 -0.392406 5.711377 1.967392 0.852940 1.031736
0.359192 -0.885448 -0.383877 5.581515 2.287516 0.991726 1.029757
0.415007 -0.862573 -0.373960 5.430558 2.601273 1.127752 1.027672
0.469313 -0.836560 -0.362682 5.258755 2.907515 1.260520 1.025488
0.521900 -0.807485 -0.350077 5.066425 3.205089 1.389531 1.023214
0.572565 -0.775434 -0.336182 4.853958 3.492837 1.514281 1.020856
0.621104 -0.740506 -0.321039 4.621823 3.769597 1.634267 1.018423
0.667322 -0.702810 -0.304696 4.370570 4.034212 1.748988 1.015924
0.711028 -0.662468 -0.287206 4.100829 4.285531 1.857945 1.013367
0.752036 -0.619612 -0.268627 3.813319 4.522413 1.960643 1.010761
0.790170 -0.574388 -0.249020 3.508848 4.743739 2.056597 1.008118
0.825258 -0.526951 -0.228454 3.188313 4.948410 2.145330 1.005445
0.857141 -0.477467 -0.207001 2.852708 5.135357 2.226379 1.002754
0.885668 -0.426113 -0.184737 2.503117 5.303553 2.299298 1.000054
0.910699 -0.373078 -0.161744 2.140722 5.452012 2.363661 0.997357
0.932107 -0.318558 -0.138108 1.766798 5.579804 2.419065 0.994674
0.949775 -0.262760 -0.113917 1.382713 5.686063 2.465132 0.992014
0.963602 -0.205899 -0.089266 0.989927 5.769992 2.501519 0.989389
0.973501 -0.148199 -0.064251 0.589987 5.830876 2.527915 0.986811
0.979401 -0.089890 -0.038971 0.184523 5.868090 2.544049 0.984289
0.981246 -0.031209 -0.013531 -0.224757 5.881108 2.549692 0.981836
0.978999 0.027602 0.011966 -0.636078 5.869511 2.544665 0.979461
0.972638 0.086297 0.037413 -1.047601 5.832999 2.528836 0.977175
0.962162 0.144627 0.062701 -1.457436 5.771395 2.502128 0.974989
0.947587 0.202341 0.087722 -1.863652 5.684654 2.464523 0.972913
0.928951 0.259187 0.112368 -2.264292 5.572871 2.416061 0.970955
0.906308 0.314916 0.136528 -2.657384 5.436283 2.356844 0.969126
0.879734 0.369279 0.160097 -3.040956 5.275275 2.287041 0.967435
0.849325 0.422032 0.182967 -3.413050 5.090380 2.206882 0.965888
0.815194 0.472935 0.205036 -3.771742 4.882284 2.116665 0.964494
0.777477 0.521758 0.226202 -4.115155 4.651823 2.016750 0.963260
0.736325 0.568276 0.246370 -4.441477 4.399976 1.907565 0.962191
0.691910 0.612276 0.265446 -4.748975 4.127869 1.789596 0.961293
0.644421 0.653555 0.283342 -5.036015 3.836760 1.663389 0.960570
0.594060 0.691922 0.299975 -5.301074 3.528038 1.529546 0.960026
0.541050 0.727203 0.315271 -5.542753 3.203206 1.388719 0.959664
0.485622 0.759235 0.329158 -5.759795 2.863877 1.241606 0.959485
0.428024 0.787874 0.341574 -5.951091 2.511754 1.088947 0.959491
0.368513 0.812991 0.352464 -6.115692 2.148622 0.931515 0.959681
0.307356 0.834477 0.361779 -6.252816 1.776327 0.770111 0.960054
0.244828 0.852241 0.369480 -6.361855 1.396766 0.605556 0.960609
0.181210 0.866208 0.375535 -6.442375 1.011868 0.438687 0.961343
0.116786 0.876327 0.379922 -6.494122 0.623575 0.270347 0.962252
0.051845 0.882563 0.382626 -6.517017 0.233832 0.101378 0.963331
-0.013325 0.884901 0.383640 -6.511155 -0.155433 -0.067384 0.964576
-0.078437 0.883347 0.382966 -6.476801 -0.542323 -0.235116 0.965980
-0.143205 0.877924 0.380615 -6.414382 -0.924985 -0.401015 0.967535
-0.207349 0.868674 0.376604 -6.324479 -1.301626 -0.564304 0.969236
-0.270594 0.855657 0.370961 -6.207819 -1.670522 -0.724235 0.971073
-0.332672 0.838952 0.363719 -6.065263 -2.030029 -0.880095 0.973038
-0.393324 0.818652 0.354918 -5.897794 -2.378593 -1.031212 0.975122
-0.452302 0.794866 0.344606 -5.706507 -2.714757 -1.176952 0.977314
-0.509367 0.767718 0.332836 -5.492594 -3.037167 -1.316730 0.979605
-0.564293 0.737347 0.319669 -5.257333 -3.344576 -1.450003 0.981986
-0.616867 0.703901 0.305169 -5.002076 -3.635848 -1.576281 0.984444
-0.666887 0.667543 0.289406 -4.728233 -3.909960 -1.695120 0.986969
