0.072819 -0.658224 -0.300744 7.300571 0.818041 -0.093977 0.727329
0.080120 -0.657406 -0.300838 7.292353 0.885476 -0.063119 0.727396
0.087412 -0.656520 -0.300901 7.283389 0.952801 -0.032262 0.727462
0.094696 -0.655567 -0.300934 7.273680 1.020010 -0.001410 0.727528
0.101969 -0.654547 -0.300935 7.263229 1.087096 0.029434 0.727593
0.109232 -0.653460 -0.300906 7.252037 1.154053 0.060266 0.727658
0.116485 -0.652306 -0.300845 7.240104 1.220875 0.091085 0.727722
0.123725 -0.651085 -0.300754 7.227433 1.287553 0.121885 0.727786
0.130952 -0.649798 -0.300632 7.214026 1.354082 0.152665 0.727850
0.138166 -0.648444 -0.300480 7.199883 1.420456 0.183422 0.727913
0.145366 -0.647023 -0.300296 7.185008 1.486667 0.214152 0.727975
0.152551 -0.645536 -0.300082 7.169401 1.552709 0.244852 0.728037
0.159720 -0.643984 -0.299837 7.153065 1.618575 0.275519 0.728099
0.166873 -0.642365 -0.299562 7.136002 1.684259 0.306150 0.728160
0.174009 -0.640681 -0.299256 7.118213 1.749755 0.336742 0.728221
0.181128 -0.638931 -0.298919 7.099701 1.815056 0.367293 0.728281
0.188227 -0.637116 -0.298552 7.080468 1.880155 0.397798 0.728340
0.195308 -0.635236 -0.298154 7.060517 1.945046 0.428256 0.728399
0.202368 -0.633291 -0.297725 7.039850 2.009723 0.458662 0.728458
0.209408 -0.631281 -0.297267 7.018468 2.074179 0.489014 0.728516
0.216427 -0.629207 -0.296778 6.996375 2.138409 0.519309 0.728573
0.223423 -0.627069 -0.296258 6.973574 2.202405 0.549544 0.728630
0.230397 -0.624866 -0.295709 6.950066 2.266161 0.579716 0.728687
0.237347 -0.622600 -0.295129 6.925854 2.329672 0.609821 0.728742
0.244273 -0.620270 -0.294519 6.900942 2.392931 0.639858 0.728798
0.251173 -0.617877 -0.293880 6.875332 2.455931 0.669823 0.728852
0.258049 -0.615422 -0.293210 6.849026 2.518667 0.699713 0.728907
0.264898 -0.612903 -0.292510 6.822029 2.581132 0.729525 0.728960
0.271720 -0.610322 -0.291780 6.794342 2.643321 0.759256 0.729013
0.278514 -0.607678 -0.291021 6.765969 2.705227 0.788903 0.729066
0.285280 -0.604973 -0.290232 6.736912 2.766845 0.818463 0.729117
0.292017 -0.602206 -0.289414 6.707176 2.828168 0.847935 0.729169
0.298724 -0.599378 -0.288566 6.676764 2.889190 0.877313 0.729219
0.305401 -0.596489 -0.287689 6.645677 2.949905 0.906596 0.729269
0.312047 -0.593539 -0.286782 6.613921 3.010308 0.935781 0.729319
0.318661 -0.590529 -0.285846 6.581499 3.070392 0.964865 0.729367
0.325242 -0.587458 -0.284881 6.548413 3.130152 0.993845 0.729416
0.331791 -0.584328 -0.283888 6.514668 3.189582 1.022719 0.729463
0.338305 -0.581139 -0.282865 6.480266 3.248677 1.051482 0.729510
0.344785 -0.577890 -0.281813 6.445213 3.307429 1.080134 0.729556
0.351231 -0.574583 -0.280733 6.409511 3.365835 1.108670 0.729602
0.357640 -0.571217 -0.279625 6.373164 3.423888 1.137088 0.729647
0.364013 -0.567793 -0.278487 6.336176 3.481582 1.165385 0.729691
0.370350 -0.564311 -0.277322 6.298551 3.538912 1.193559 0.729735
0.376648 -0.560772 -0.276129 6.260293 3.595872 1.221607 0.729778
0.382908 -0.557176 -0.274907 6.221406 3.652458 1.249526 0.729821
0.389130 -0.553524 -0.273657 6.181893 3.708662 1.277313 0.729862
0.395312 -0.549815 -0.272380 6.141760 3.764481 1.304966 0.729903
0.401453 -0.546051 -0.271075 6.101010 3.819909 1.332482 0.729944
0.407554 -0.542231 -0.269743 6.059648 3.874939 1.359858 0.729984
0.413614 -0.538356 -0.268383 6.017677 3.929568 1.387091 0.730023
0.419632 -0.534426 -0.266996 5.975103 3.983789 1.414180 0.730061
0.425607 -0.530443 -0.265581 5.931929 4.037598 1.441121 0.730099
0.431539 -0.526405 -0.264140 5.888159 4.090989 1.467911 0.730136
0.437427 -0.522314 -0.262672 5.843800 4.143957 1.494549 0.730172
0.443271 -0.518170 -0.261178 5.798854 4.196498 1.521032 0.730208
0.449070 -0.513974 -0.259657 5.753326 4.248605 1.547356 0.730242
0.454823 -0.509725 -0.258110 5.707222 4.300275 1.573520 0.730277
0.460530 -0.505425 -0.256536 5.660546 4.351501 1.599521 0.730310
0.466191 -0.501073 -0.254936 5.613302 4.402280 1.625356 0.730343
0.471804 -0.496671 -0.253311 5.565496 4.452605 1.651023 0.730375
0.477370 -0.492218 -0.251660 5.517132 4.502474 1.676519 0.730406
0.482887 -0.487716 -0.249984 5.468216 4.551880 1.701843 0.730437
0.488355 -0.483164 -0.248282 5.418751 4.600818 1.726991 0.730467
0.493774 -0.478563 -0.246555 5.368744 4.649285 1.751961 0.730496
0.499142 -0.473914 -0.244803 5.318199 4.697276 1.776751 0.730524
0.504461 -0.469217 -0.243026 5.267121 4.744785 1.801358 0.730552
0.509728 -0.464472 -0.241225 5.215515 4.791809 1.825780 0.730579
0.514943 -0.459680 -0.239399 5.163387 4.838343 1.850014 0.730605
0.520107 -0.454842 -0.237549 5.110742 4.884382 1.874059 0.730631
0.525217 -0.449957 -0.235675 5.057585 4.929922 1.897911 0.730655
0.530275 -0.445027 -0.233777 5.003921 4.974958 1.921569 0.730679
0.535279 -0.440052 -0.231855 4.949756 5.019487 1.945031 0.730703
0.540229 -0.435033 -0.229910 4.895096 5.063504 1.968293 0.730725
0.545124 -0.429969 -0.227942 4.839945 5.107005 1.991355 0.730747
0.549964 -0.424862 -0.225951 4.784309 5.149985 2.014212 0.730768
0.554748 -0.419712 -0.223936 4.728193 5.192441 2.036865 0.730788
0.559476 -0.414520 -0.221900 4.671604 5.234368 2.059309 0.730808
0.564148 -0.409286 -0.219840 4.614547 5.275763 2.081543 0.730826
0.568762 -0.404010 -0.217759 4.557028 5.316621 2.103566 0.730844
0.573319 -0.398693 -0.215655 4.499051 5.356938 2.125373 0.730861
0.577818 -0.393336 -0.213530 4.440624 5.396711 2.146965 0.730878
0.582259 -0.387940 -0.211383 4.381751 5.435936 2.168338 0.730894
0.586641 -0.382504 -0.209214 4.322439 5.474609 2.189491 0.730908
0.590963 -0.377029 -0.207025 4.262693 5.512726 2.210421 0.730922
0.595226 -0.371516 -0.204815 4.202520 5.550284 2.231126 0.730936
0.599428 -0.365966 -0.202583 4.141925 5.587279 2.251605 0.730948
0.603570 -0.360379 -0.200332 4.080914 5.623707 2.271855 0.730960
0.607651 -0.354755 -0.198060 4.019494 5.659565 2.291875 0.730971
0.611671 -0.349095 -0.195768 3.957670 5.694850 2.311662 0.730981
0.615628 -0.343401 -0.193456 3.895448 5.729557 2.331214 0.730991
0.619524 -0.337671 -0.191125 3.832835 5.763685 2.350531 0.731000
0.623357 -0.331907 -0.188775 3.769836 5.797228 2.369609 0.731007
0.627127 -0.326110 -0.186405 3.706458 5.830185 2.388447 0.731015
0.630833 -0.320280 -0.184017 3.642708 5.862552 2.407044 0.731021
0.634476 -0.314417 -0.181610 3.578590 5.894326 2.425396 0.731026
0.638054 -0.308523 -0.179184 3.514113 5.925503 2.443503 0.731031
0.641568 -0.302598 -0.176741 3.449281 5.956081 2.461363 0.731035
0.645018 -0.296641 -0.174279 3.384101 5.986057 2.478974 0.731038
0.648402 -0.290655 -0.171800 3.318581 6.015428 2.496335 0.731041
0.651720 -0.284640 -0.169304 3.252725 6.044190 2.513443 0.731043
0.654973 -0.278596 -0.166791 3.186541 6.072342 2.530297 0.731043
0.658160 -0.272523 -0.164260 3.120035 6.099880 2.546895 0.731043
0.661280 -0.266424 -0.161713 3.053213 6.126802 2.563236 0.731043
0.664333 -0.260297 -0.159150 2.986083 6.153105 2.579318 0.731041
0.667319 -0.254144 -0.156571 2.918650 6.178786 2.595140 0.731039
0.670238 -0.247965 -0.153976 2.850921 6.203843 2.610699 0.731036
0.673089 -0.241761 -0.151365 2.782903 6.228274 2.625995 0.731032
0.675871 -0.235533 -0.148739 2.714603 6.252076 2.641026 0.731027
0.678586 -0.229281 -0.146098 2.646027 6.275246 2.655790 0.731022
0.681232 -0.223005 -0.143442 2.577182 6.297783 2.670286 0.731016
0.683809 -0.216708 -0.140772 2.508074 6.319684 2.684513 0.731009
0.686317 -0.210388 -0.138087 2.438710 6.340947 2.698469 0.731001
0.688756 -0.204047 -0.135389 2.369098 6.361570 2.712153 0.730993
0.691125 -0.197685 -0.132677 2.299244 6.381551 2.725563 0.730983
0.693424 -0.191304 -0.129951 2.229154 6.400888 2.738698 0.730973
0.695653 -0.184903 -0.127213 2.158836 6.419578 2.751557 0.730962
0.697812 -0.178483 -0.124461 2.088296 6.437620 2.764139 0.730951
0.699901 -0.172046 -0.121697 2.017541 6.455013 2.776441 0.730938
0.701918 -0.165591 -0.118920 1.946579 6.471754 2.788464 0.730925
0.703865 -0.159119 -0.116132 1.875416 6.487841 2.800205 0.730911
0.705740 -0.152631 -0.113332 1.804059 6.503274 2.811664 0.730896
0.707544 -0.146128 -0.110520 1.732515 6.518050 2.822839 0.730881
0.709277 -0.139610 -0.107697 1.660791 6.532167 2.833730 0.730865
0.710938 -0.133078 -0.104863 1.588894 6.545626 2.844335 0.730848
0.712526 -0.126532 -0.102019 1.516831 6.558423 2.854653 0.730830
0.714043 -0.119974 -0.099164 1.444609 6.570557 2.864683 0.730811
0.715488 -0.113403 -0.096300 1.372235 6.582028 2.874424 0.730792
0.716860 -0.106821 -0.093425 1.299717 6.592835 2.883875 0.730772
0.718160 -0.100228 -0.090541 1.227061 6.602975 2.893035 0.730751
0.719387 -0.093625 -0.087648 1.154274 6.612448 2.901903 0.730729
0.720541 -0.087013 -0.084747 1.081364 6.621252 2.910478 0.730707
0.721623 -0.080392 -0.081836 1.008337 6.629388 2.918760 0.730684
0.722631 -0.073762 -0.078917 0.935201 6.636853 2.926747 0.730660
0.723566 -0.067125 -0.075991 0.861963 6.643647 2.934439 0.730635
0.724428 -0.060482 -0.073056 0.788630 6.649770 2.941834 0.730610
0.725217 -0.053832 -0.070114 0.715210 6.655220 2.948932 0.730584
0.725932 -0.047177 -0.067165 0.641709 6.659996 2.955733 0.730557
0.726574 -0.040517 -0.064210 0.568135 6.664099 2.962235 0.730530
0.727142 -0.033853 -0.061247 0.494495 6.667527 2.968438 0.730501
0.727636 -0.027185 -0.058279 0.420795 6.670281 2.974340 0.730472
0.728057 -0.020515 -0.055305 0.347045 6.672359 2.979943 0.730443
0.728404 -0.013842 -0.052325 0.273249 6.673761 2.985244 0.730412
0.728677 -0.007169 -0.049339 0.199417 6.674488 2.990243 0.730381
0.728877 -0.000494 -0.046349 0.125555 6.674538 2.994940 0.730349
0.729002 0.006180 -0.043354 0.051670 6.673911 2.999334 0.730316
0.729054 0.012854 -0.040355 -0.022230 6.672609 3.003424 0.730283
0.729032 0.019527 -0.037351 -0.096139 6.670629 3.007211 0.730249
0.728936 0.026198 -0.034344 -0.170048 6.667973 3.010693 0.730214
0.728766 0.032865 -0.031334 -0.243950 6.664640 3.013871 0.730179
0.728522 0.039530 -0.028320 -0.317839 6.660631 3.016743 0.730143
0.728204 0.046191 -0.025303 -0.391707 6.655945 3.019310 0.730106
0.727812 0.052847 -0.022284 -0.465546 6.650584 3.021571 0.730068
0.727346 0.059497 -0.019262 -0.539350 6.644546 3.023525 0.730030
0.726807 0.066142 -0.016239 -0.613111 6.637834 3.025173 0.729991
0.726194 0.072780 -0.013213 -0.686822 6.630447 3.026514 0.729952
0.725507 0.079410 -0.010187 -0.760475 6.622385 3.027548 0.729911
0.724747 0.086032 -0.007159 -0.834063 6.613649 3.028275 0.729870
0.723913 0.092646 -0.004131 -0.907580 6.604241 3.028695 0.729829
0.723005 0.099250 -0.001102 -0.981016 6.594160 3.028807 0.729786
0.722024 0.105845 0.001926 -1.054366 6.583407 3.028611 0.729743
0.720970 0.112428 0.004955 -1.127623 6.571984 3.028108 0.729700
0.719842 0.119000 0.007983 -1.200777 6.559890 3.027296 0.729656
0.718641 0.125560 0.011010 -1.273824 6.547128 3.026177 0.729611
0.717367 0.132107 0.014037 -1.346754 6.533697 3.024750 0.729565
0.716021 0.138641 0.017061 -1.419562 6.519600 3.023015 0.729519
0.714601 0.145160 0.020084 -1.492239 6.504836 3.020973 0.729472
0.713109 0.151665 0.023105 -1.564778 6.489409 3.018622 0.729425
0.711544 0.158154 0.026124 -1.637173 6.473317 3.015964 0.729377
0.709907 0.164628 0.029140 -1.709415 6.456564 3.012999 0.729328
0.708198 0.171084 0.032153 -1.781498 6.439151 3.009726 0.729279
0.706416 0.177524 0.035163 -1.853415 6.421078 3.006147 0.729229
0.704563 0.183945 0.038169 -1.925158 6.402348 3.002260 0.729178
0.702637 0.190347 0.041171 -1.996719 6.382961 2.998067 0.729127
0.700641 0.196730 0.044169 -2.068093 6.362921 2.993567 0.729075
0.698573 0.203093 0.047163 -2.139271 6.342227 2.988762 0.729023
0.696433 0.209435 0.050151 -2.210247 6.320883 2.983651 0.728970
0.694223 0.215756 0.053135 -2.281013 6.298890 2.978235 0.728917
0.691942 0.222055 0.056113 -2.351562 6.276250 2.972513 0.728863
0.689591 0.228331 0.059086 -2.421888 6.252964 2.966488 0.728808
0.687169 0.234584 0.062052 -2.491982 6.229035 2.960158 0.728753
0.684677 0.240813 0.065013 -2.561838 6.204466 2.953525 0.728697
0.682115 0.247018 0.067966 -2.631448 6.179257 2.946589 0.728641
0.679483 0.253197 0.070913 -2.700807 6.153412 2.939350 0.728584
0.676783 0.259350 0.073852 -2.769906 6.126933 2.931810 0.728527
0.674013 0.265477 0.076784 -2.838739 6.099821 2.923969 0.728469
0.671174 0.271577 0.079708 -2.907298 6.072080 2.915827 0.728411
0.668267 0.277649 0.082624 -2.975577 6.043712 2.907385 0.728352
0.665291 0.283693 0.085531 -3.043568 6.014719 2.898644 0.728292
0.662248 0.289707 0.088430 -3.111266 5.985104 2.889604 0.728232
0.659136 0.295693 0.091319 -3.178662 5.954870 2.880267 0.728172
0.655958 0.301647 0.094200 -3.245749 5.924019 2.870633 0.728111
0.652712 0.307571 0.097070 -3.312522 5.892554 2.860702 0.728049
0.649399 0.313464 0.099931 -3.378973 5.860479 2.850477 0.727987
0.646020 0.319325 0.102781 -3.445095 5.827795 2.839957 0.727925
0.642575 0.325152 0.105621 -3.510881 5.794506 2.829143 0.727862
0.639064 0.330947 0.108450 -3.576326 5.760615 2.818037 0.727798
0.635488 0.336707 0.111268 -3.641421 5.726125 2.806640 0.727735
0.631847 0.342434 0.114075 -3.706160 5.691039 2.794952 0.727670
0.628140 0.348125 0.116870 -3.770537 5.655360 2.782974 0.727606
0.624370 0.353780 0.119653 -3.834544 5.619093 2.770708 0.727540
0.620535 0.359399 0.122424 -3.898176 5.582239 2.758154 0.727475
0.616637 0.364981 0.125182 -3.961425 5.544802 2.745314 0.727409
0.612676 0.370526 0.127927 -4.024285 5.506787 2.732189 0.727342
0.608651 0.376033 0.130659 -4.086749 5.468195 2.718779 0.727275
0.604565 0.381501 0.133378 -4.148811 5.429032 2.705087 0.727208
0.600416 0.386930 0.136083 -4.210465 5.389300 2.691114 0.727140
0.596205 0.392319 0.138774 -4.271703 5.349004 2.676860 0.727072
0.591934 0.397668 0.141451 -4.332520 5.308146 2.662327 0.727004
0.587601 0.402977 0.144114 -4.392909 5.266732 2.647516 0.726935
0.583208 0.408243 0.146761 -4.452863 5.224764 2.632429 0.726865
0.578755 0.413468 0.149393 -4.512377 5.182247 2.617066 0.726796
0.574243 0.418650 0.152011 -4.571444 5.139184 2.601431 0.726726
0.569672 0.423789 0.154612 -4.630057 5.095580 2.585523 0.726655
0.565042 0.428885 0.157198 -4.688211 5.051439 2.569344 0.726585
0.560353 0.433937 0.159767 -4.745900 5.006765 2.552896 0.726514
0.555607 0.438943 0.162320 -4.803117 4.961563 2.536180 0.726442
0.550804 0.443905 0.164856 -4.859856 4.915835 2.519198 0.726371
0.545945 0.448821 0.167375 -4.916111 4.869588 2.501951 0.726299
0.541028 0.453690 0.169877 -4.971876 4.822825 2.484441 0.726226
0.536057 0.458513 0.172362 -5.027146 4.775551 2.466670 0.726154
0.531029 0.463289 0.174828 -5.081913 4.727770 2.448640 0.726081
0.525947 0.468016 0.177277 -5.136173 4.679486 2.430351 0.726008
0.520811 0.472696 0.179707 -5.189919 4.630705 2.411805 0.725934
0.515621 0.477327 0.182119 -5.243146 4.581432 2.393005 0.725860
0.510378 0.481908 0.184512 -5.295848 4.531670 2.373953 0.725786
0.505082 0.486440 0.186886 -5.348019 4.481424 2.354649 0.725712
0.499734 0.490921 0.189241 -5.399654 4.430700 2.335096 0.725638
0.494335 0.495352 0.191576 -5.450746 4.379503 2.315295 0.725563
0.488884 0.499731 0.193891 -5.501291 4.327837 2.295249 0.725488
0.483383 0.504059 0.196186 -5.551282 4.275707 2.274960 0.725413
0.477831 0.508335 0.198461 -5.600715 4.223119 2.254429 0.725337
0.472231 0.512558 0.200716 -5.649583 4.170077 2.233658 0.725262
0.466581 0.516728 0.202949 -5.697882 4.116587 2.212649 0.725186
0.460883 0.520845 0.205162 -5.745607 4.062653 2.191404 0.725110
0.455138 0.524907 0.207353 -5.792751 4.008282 2.169926 0.725033
0.449345 0.528916 0.209523 -5.839310 3.953479 2.148216 0.724957
0.443506 0.532869 0.211671 -5.885278 3.898248 2.126277 0.724880
0.437620 0.536767 0.213798 -5.930651 3.842595 2.104110 0.724804
0.431690 0.540610 0.215902 -5.975423 3.786526 2.081718 0.724727
0.425714 0.544396 0.217984 -6.019590 3.730047 2.059103 0.724649
0.419695 0.548126 0.220043 -6.063146 3.673162 2.036267 0.724572
0.413631 0.551800 0.222079 -6.106087 3.615878 2.013212 0.724495
0.407525 0.555416 0.224092 -6.148407 3.558200 1.989941 0.724417
0.401377 0.558974 0.226082 -6.190102 3.500134 1.966456 0.724340
0.395187 0.562474 0.228049 -6.231167 3.441685 1.942758 0.724262
0.388956 0.565916 0.229991 -6.271598 3.382860 1.918851 0.724184
0.382684 0.569298 0.231910 -6.311390 3.323664 1.894737 0.724106
0.376373 0.572622 0.233805 -6.350538 3.264103 1.870418 0.724028
0.370022 0.575886 0.235675 -6.389038 3.204183 1.845897 0.723950
0.363633 0.579090 0.237521 -6.426885 3.143910 1.821175 0.723872
0.357206 0.582234 0.239342 -6.464076 3.083291 1.796256 0.723794
0.350742 0.585318 0.241139 -6.500606 3.022330 1.771141 0.723716
0.344242 0.588340 0.242910 -6.536470 2.961035 1.745834 0.723638
0.337705 0.591301 0.244656 -6.571664 2.899412 1.720337 0.723559
0.331133 0.594200 0.246376 -6.606185 2.837466 1.694652 0.723481
0.324527 0.597038 0.248071 -6.640028 2.775204 1.668782 0.723402
0.317887 0.599813 0.249739 -6.673190 2.712633 1.642730 0.723324
0.311214 0.602526 0.251382 -6.705666 2.649758 1.616498 0.723246
0.304508 0.605175 0.252999 -6.737452 2.586586 1.590088 0.723167
0.297771 0.607762 0.254589 -6.768545 2.523123 1.563504 0.723089
0.291002 0.610285 0.256152 -6.798942 2.459376 1.536748 0.723011
0.284203 0.612744 0.257689 -6.828638 2.395352 1.509822 0.722932
0.277375 0.615140 0.259199 -6.857630 2.331056 1.482730 0.722854
0.270517 0.617471 0.260682 -6.885914 2.266496 1.455474 0.722776
0.263631 0.619737 0.262137 -6.913487 2.201677 1.428057 0.722697
0.256718 0.621939 0.263565 -6.940346 2.136608 1.400482 0.722619
0.249777 0.624076 0.264966 -6.966487 2.071293 1.372751 0.722541
0.242811 0.626147 0.266338 -6.991907 2.005741 1.344868 0.722463
0.235819 0.628153 0.267683 -7.016603 1.939957 1.316835 0.722385
0.228802 0.630093 0.269000 -7.040573 1.873949 1.288654 0.722308
0.221762 0.631967 0.270289 -7.063812 1.807723 1.260330 0.722230
0.214698 0.633774 0.271549 -7.086318 1.741287 1.231864 0.722152
0.207612 0.635516 0.272781 -7.108088 1.674646 1.203260 0.722075
0.200504 0.637190 0.273984 -7.129120 1.607808 1.174521 0.721998
0.193374 0.638798 0.275159 -7.149410 1.540780 1.145649 0.721920
0.186225 0.640339 0.276304 -7.168957 1.473569 1.116648 0.721843
0.179056 0.641812 0.277421 -7.187757 1.406182 1.087520 0.721766
0.171868 0.643219 0.278508 -7.205808 1.338625 1.058268 0.721690
0.164663 0.644557 0.279567 -7.223108 1.270907 1.028896 0.721613
0.157439 0.645828 0.280596 -7.239654 1.203033 0.999407 0.721537
0.150200 0.647031 0.281595 -7.255444 1.135011 0.969803 0.721460
0.142944 0.648166 0.282565 -7.270477 1.066849 0.940088 0.721384
0.135674 0.649233 0.283505 -7.284749 0.998553 0.910265 0.721309
0.128389 0.650232 0.284415 -7.298259 0.930130 0.880336 0.721233
0.121091 0.651162 0.285296 -7.311005 0.861587 0.850306 0.721157
0.113780 0.652023 0.286146 -7.322986 0.792933 0.820176 0.721082
0.106457 0.652816 0.286966 -7.334199 0.724174 0.789951 0.721007
0.099123 0.653540 0.287756 -7.344642 0.655317 0.759633 0.720933
0.091778 0.654196 0.288516 -7.354315 0.586369 0.729225 0.720858
0.084424 0.654782 0.289245 -7.363215 0.517339 0.698732 0.720784
0.077060 0.655299 0.289944 -7.371342 0.448232 0.668155 0.720710
0.069689 0.655748 0.290612 -7.378693 0.379058 0.637498 0.720636
0.062310 0.656127 0.291249 -7.385269 0.309822 0.606765 0.720563
0.054925 0.656437 0.291856 -7.391066 0.240532 0.575958 0.720490
0.047534 0.656677 0.292432 -7.396085 0.171196 0.545081 0.720417
0.040138 0.656848 0.292977 -7.400324 0.101821 0.514138 0.720345
0.032738 0.656950 0.293491 -7.403783 0.032414 0.483130 0.720272
0.025334 0.656983 0.293974 -7.406461 -0.037017 0.452063 0.720200
0.017927 0.656945 0.294426 -7.408356 -0.106465 0.420938 0.720129
0.010519 0.656839 0.294847 -7.409468 -0.175922 0.389759 0.720058
0.003110 0.656663 0.295237 -7.409797 -0.245381 0.358531 0.719987
-0.004300 0.656418 0.295596 -7.409342 -0.314835 0.327255 0.719916
-0.011710 0.656103 0.295923 -7.408103 -0.384275 0.295935 0.719846
-0.019118 0.655719 0.296219 -7.406079 -0.453695 0.264574 0.719776
-0.026524 0.655265 0.296483 -7.403270 -0.523087 0.233177 0.719707
-0.033927 0.654742 0.296716 -7.399676 -0.592444 0.201746 0.719638
-0.041327 0.654149 0.296918 -7.395297 -0.661758 0.170285 0.719569
-0.048722 0.653488 0.297089 -7.390133 -0.731021 0.138796 0.719501
-0.056112 0.652757 0.297227 -7.384184 -0.800226 0.107284 0.719433
-0.063496 0.651956 0.297335 -7.377450 -0.869366 0.075752 0.719366
-0.070874 0.651087 0.297410 -7.369932 -0.938433 0.044202 0.719298
-0.078244 0.650149 0.297455 -7.361630 -1.007420 0.012640 0.719232
-0.085605 0.649141 0.297467 -7.352543 -1.076319 -0.018933 0.719166
-0.092958 0.648065 0.297448 -7.342674 -1.145122 -0.050512 0.719100
-0.100300 0.646920 0.297398 -7.332023 -1.213823 -0.082095 0.719035
-0.107633 0.645706 0.297316 -7.320590 -1.282413 -0.113677 0.718970
-0.114953 0.644423 0.297202 -7.308375 -1.350886 -0.145256 0.718905
-0.122261 0.643073 0.297057 -7.295381 -1.419233 -0.176828 0.718841
-0.129557 0.641653 0.296880 -7.281608 -1.487447 -0.208390 0.718778
-0.136838 0.640166 0.296672 -7.267057 -1.555522 -0.239937 0.718715
-0.144106 0.638610 0.296432 -7.251729 -1.623448 -0.271467 0.718652
-0.151357 0.636987 0.296160 -7.235625 -1.691219 -0.302977 0.718590
-0.158593 0.635296 0.295857 -7.218748 -1.758828 -0.334462 0.718529
-0.165812 0.633537 0.295523 -7.201097 -1.826267 -0.365920 0.718468
-0.173013 0.631711 0.295157 -7.182676 -1.893528 -0.397347 0.718407
-0.180195 0.629817 0.294759 -7.163485 -1.960605 -0.428739 0.718347
-0.187359 0.627857 0.294331 -7.143526 -2.027489 -0.460094 0.718288
-0.194502 0.625829 0.293871 -7.122801 -2.094174 -0.491407 0.718229
-0.201625 0.623735 0.293379 -7.101311 -2.160652 -0.522675 0.718171
-0.208727 0.621574 0.292856 -7.079060 -2.226915 -0.553895 0.718113
-0.215806 0.619347 0.292303 -7.056048 -2.292957 -0.585064 0.718056
-0.222862 0.617054 0.291718 -7.032279 -2.358770 -0.616178 0.717999
-0.229894 0.614696 0.291101 -7.007753 -2.424347 -0.647233 0.717943
-0.236902 0.612271 0.290454 -6.982474 -2.489680 -0.678226 0.717887
-0.243884 0.609782 0.289776 -6.956444 -2.554763 -0.709154 0.717832
-0.250841 0.607227 0.289067 -6.929666 -2.619588 -0.740014 0.717778
-0.257770 0.604607 0.288327 -6.902141 -2.684147 -0.770801 0.717724
-0.264672 0.601923 0.287556 -6.873873 -2.748435 -0.801513 0.717671
-0.271546 0.599175 0.286754 -6.844865 -2.812442 -0.832146 0.717618
-0.278391 0.596362 0.285922 -6.815119 -2.876164 -0.862697 0.717566
-0.285206 0.593486 0.285060 -6.784638 -2.939591 -0.893162 0.717515
-0.291991 0.590546 0.284166 -6.753425 -3.002718 -0.923538 0.717464
-0.298744 0.587544 0.283243 -6.721484 -3.065537 -0.953822 0.717414
-0.305466 0.584478 0.282289 -6.688818 -3.128041 -0.984010 0.717364
-0.312155 0.581350 0.281305 -6.655429 -3.190224 -1.014099 0.717315
-0.318810 0.578160 0.280291 -6.621321 -3.252077 -1.044086 0.717267
-0.325431 0.574908 0.279247 -6.586499 -3.313595 -1.073966 0.717219
-0.332018 0.571594 0.278173 -6.550964 -3.374771 -1.103738 0.717172
-0.338569 0.568219 0.277069 -6.514721 -3.435597 -1.133397 0.717126
-0.345084 0.564784 0.275936 -6.477774 -3.496067 -1.162941 0.717080
-0.351561 0.561288 0.274773 -6.440126 -3.556174 -1.192366 0.717035
-0.358001 0.557732 0.273580 -6.401782 -3.615911 -1.221668 0.716991
-0.364403 0.554116 0.272359 -6.362744 -3.675271 -1.250845 0.716947
-0.370766 0.550440 0.271108 -6.323018 -3.734249 -1.279893 0.716904
-0.377089 0.546706 0.269828 -6.282608 -3.792837 -1.308810 0.716862
-0.383372 0.542913 0.268519 -6.241516 -3.851028 -1.337590 0.716820
-0.389613 0.539062 0.267182 -6.199749 -3.908817 -1.366233 0.716779
-0.395813 0.535153 0.265815 -6.157310 -3.966196 -1.394734 0.716739
-0.401970 0.531187 0.264421 -6.114203 -4.023160 -1.423090 0.716700
-0.408084 0.527164 0.262998 -6.070434 -4.079701 -1.451297 0.716661
-0.414155 0.523084 0.261546 -6.026007 -4.135813 -1.479354 0.716623
-0.420181 0.518949 0.260067 -5.980926 -4.191491 -1.507257 0.716585
-0.426162 0.514757 0.258560 -5.935196 -4.246727 -1.535001 0.716549
-0.432097 0.510510 0.257025 -5.888823 -4.301516 -1.562586 0.716513
-0.437986 0.506209 0.255462 -5.841810 -4.355851 -1.590007 0.716477
-0.443828 0.501853 0.253872 -5.794164 -4.409727 -1.617261 0.716443
-0.449622 0.497443 0.252255 -5.745889 -4.463137 -1.644345 0.716409
-0.455368 0.492980 0.250610 -5.696990 -4.516074 -1.671256 0.716376
-0.461065 0.488464 0.248939 -5.647473 -4.568534 -1.697992 0.716344
-0.466712 0.483896 0.247241 -5.597342 -4.620511 -1.724548 0.716312
-0.472309 0.479275 0.245517 -5.546604 -4.671997 -1.750923 0.716282
-0.477856 0.474603 0.243766 -5.495264 -4.722988 -1.777113 0.716251
-0.483351 0.469880 0.241989 -5.443326 -4.773478 -1.803115 0.716222
-0.488795 0.465107 0.240186 -5.390798 -4.823461 -1.828927 0.716194
-0.494185 0.460283 0.238357 -5.337684 -4.872931 -1.854545 0.716166
-0.499523 0.455410 0.236502 -5.283990 -4.921883 -1.879967 0.716139
-0.504807 0.450488 0.234622 -5.229723 -4.970311 -1.905189 0.716113
-0.510037 0.445518 0.232717 -5.174887 -5.018210 -1.930209 0.716087
-0.515212 0.440500 0.230787 -5.119489 -5.065575 -1.955024 0.716063
-0.520331 0.435434 0.228832 -5.063535 -5.112399 -1.979632 0.716039
-0.525395 0.430322 0.226852 -5.007031 -5.158678 -2.004029 0.716016
-0.530402 0.425163 0.224848 -4.949984 -5.204407 -2.028212 0.715993
-0.535352 0.419959 0.222820 -4.892398 -5.249580 -2.052180 0.715972
-0.540244 0.414709 0.220768 -4.834282 -5.294192 -2.075929 0.715951
-0.545078 0.409415 0.218692 -4.775640 -5.338239 -2.099457 0.715931
-0.549854 0.404077 0.216592 -4.716480 -5.381714 -2.122760 0.715912
-0.554571 0.398695 0.214469 -4.656808 -5.424614 -2.145837 0.715893
-0.559227 0.393270 0.212324 -4.596630 -5.466933 -2.168685 0.715876
-0.563824 0.387803 0.210155 -4.535954 -5.508667 -2.191301 0.715859
-0.568360 0.382295 0.207964 -4.474785 -5.549811 -2.213683 0.715843
-0.572835 0.376745 0.205750 -4.413131 -5.590360 -2.235828 0.715828
-0.577248 0.371155 0.203514 -4.350998 -5.630310 -2.257733 0.715813
-0.581599 0.365524 0.201256 -4.288393 -5.669656 -2.279397 0.715800
-0.585887 0.359855 0.198977 -4.225323 -5.708394 -2.300817 0.715787
-0.590113 0.354146 0.196676 -4.161795 -5.746519 -2.321990 0.715775
-0.594274 0.348400 0.194354 -4.097816 -5.784027 -2.342914 0.715764
-0.598372 0.342616 0.192011 -4.033393 -5.820915 -2.363586 0.715754
-0.602406 0.336795 0.189648 -3.968533 -5.857177 -2.384005 0.715744
-0.606374 0.330938 0.187264 -3.903244 -5.892809 -2.404168 0.715735
-0.610277 0.325045 0.184860 -3.837532 -5.927809 -2.424073 0.715727
-0.614115 0.319117 0.182435 -3.771405 -5.962171 -2.443718 0.715720
-0.617886 0.313155 0.179992 -3.704870 -5.995892 -2.463099 0.715714
-0.621591 0.307159 0.177529 -3.637934 -6.028968 -2.482216 0.715708
-0.625229 0.301130 0.175046 -3.570606 -6.061395 -2.501067 0.715704
-0.628800 0.295069 0.172545 -3.502892 -6.093171 -2.519648 0.715700
-0.632303 0.288975 0.170026 -3.434799 -6.124290 -2.537957 0.715697
-0.635737 0.282851 0.167488 -3.366337 -6.154751 -2.555994 0.715695
-0.639104 0.276696 0.164932 -3.297511 -6.184548 -2.573756 0.715693
-0.642401 0.270512 0.162358 -3.228330 -6.213680 -2.591240 0.715693
-0.645630 0.264298 0.159767 -3.158802 -6.242143 -2.608446 0.715693
-0.648788 0.258056 0.157158 -3.088933 -6.269933 -2.625370 0.715694
-0.651877 0.251786 0.154533 -3.018733 -6.297047 -2.642012 0.715696
-0.654896 0.245489 0.151891 -2.948208 -6.323484 -2.658369 0.715699
-0.657844 0.239166 0.149233 -2.877367 -6.349239 -2.674439 0.715702
-0.660722 0.232816 0.146558 -2.806217 -6.374310 -2.690221 0.715706
-0.663528 0.226442 0.143868 -2.734767 -6.398693 -2.705713 0.715712
-0.666263 0.220043 0.141162 -2.663024 -6.422388 -2.720914 0.715718
-0.668926 0.213621 0.138441 -2.590996 -6.445390 -2.735821 0.715724
-0.671517 0.207175 0.135705 -2.518691 -6.467697 -2.750433 0.715732
-0.674035 0.200708 0.132955 -2.446118 -6.489307 -2.764748 0.715740
-0.676481 0.194218 0.130190 -2.373285 -6.510218 -2.778765 0.715750
-0.678855 0.187708 0.127411 -2.300198 -6.530427 -2.792482 0.715760
-0.681155 0.181178 0.124619 -2.226868 -6.549932 -2.805898 0.715770
-0.683382 0.174628 0.121813 -2.153301 -6.568730 -2.819011 0.715782
-0.685535 0.168059 0.118994 -2.079507 -6.586821 -2.831820 0.715795
-0.687615 0.161472 0.116162 -2.005492 -6.604202 -2.844324 0.715808
-0.689620 0.154868 0.113318 -1.931267 -6.620871 -2.856521 0.715822
-0.691551 0.148247 0.110461 -1.856838 -6.636826 -2.868409 0.715837
-0.693408 0.141610 0.107593 -1.782214 -6.652066 -2.879988 0.715852
-0.695190 0.134958 0.104713 -1.707403 -6.666589 -2.891257 0.715869
-0.696898 0.128292 0.101822 -1.632414 -6.680394 -2.902213 0.715886
-0.698530 0.121611 0.098920 -1.557255 -6.693479 -2.912856 0.715904
-0.700087 0.114918 0.096007 -1.481935 -6.705842 -2.923185 0.715923
-0.701569 0.108212 0.093084 -1.406461 -6.717484 -2.933199 0.715943
-0.702976 0.101495 0.090150 -1.330843 -6.728401 -2.942897 0.715963
-0.704307 0.094766 0.087207 -1.255088 -6.738594 -2.952277 0.715984
-0.705562 0.088028 0.084255 -1.179205 -6.748062 -2.961338 0.716006
-0.706741 0.081280 0.081294 -1.103203 -6.756802 -2.970081 0.716029
-0.707844 0.074523 0.078324 -1.027089 -6.764816 -2.978503 0.716053
-0.708871 0.067758 0.075345 -0.950873 -6.772101 -2.986604 0.716077
-0.709822 0.060986 0.072359 -0.874562 -6.778657 -2.994383 0.716102
-0.710697 0.054207 0.069364 -0.798166 -6.784484 -3.001839 0.716128
-0.711495 0.047423 0.066362 -0.721693 -6.789581 -3.008972 0.716155
-0.712217 0.040633 0.063353 -0.645150 -6.793948 -3.015780 0.716182
-0.712862 0.033839 0.060338 -0.568548 -6.797585 -3.022264 0.716211
-0.713430 0.027042 0.057315 -0.491894 -6.800490 -3.028422 0.716240
-0.713922 0.020241 0.054287 -0.415196 -6.802665 -3.034254 0.716269
-0.714337 0.013438 0.051253 -0.338464 -6.804108 -3.039760 0.716300
-0.714676 0.006634 0.048213 -0.261705 -6.804821 -3.044938 0.716331
-0.714938 -0.000171 0.045168 -0.184928 -6.804802 -3.049789 0.716363
-0.715122 -0.006975 0.042118 -0.108143 -6.804053 -3.054311 0.716396
-0.715231 -0.013779 0.039064 -0.031356 -6.802574 -3.058505 0.716429
-0.715262 -0.020582 0.036005 0.045423 -6.800365 -3.062370 0.716463
-0.715217 -0.027382 0.032943 0.122186 -6.797426 -3.065906 0.716498
-0.715094 -0.034180 0.029877 0.198925 -6.793758 -3.069112 0.716534
-0.714895 -0.040974 0.026808 0.275630 -6.789362 -3.071988 0.716570
-0.714620 -0.047763 0.023736 0.352294 -6.784238 -3.074535 0.716607
-0.714268 -0.054547 0.020661 0.428908 -6.778387 -3.076751 0.716645
-0.713839 -0.061325 0.017585 0.505464 -6.771810 -3.078637 0.716684
-0.713333 -0.068097 0.014506 0.581952 -6.764508 -3.080192 0.716723
-0.712751 -0.074862 0.011426 0.658366 -6.756482 -3.081417 0.716763
-0.712093 -0.081618 0.008344 0.734696 -6.747733 -3.082311 0.716804
-0.711358 -0.088366 0.005262 0.810934 -6.738263 -3.082875 0.716845
-0.710547 -0.095104 0.002179 0.887072 -6.728072 -3.083109 0.716887
-0.709660 -0.101832 -0.000904 0.963101 -6.717162 -3.083012 0.716930
-0.708697 -0.108550 -0.003987 1.039014 -6.705535 -3.082585 0.716973
-0.707658 -0.115255 -0.007069 1.114801 -6.693192 -3.081828 0.717017
-0.706543 -0.121948 -0.010151 1.190454 -6.680134 -3.080741 0.717062
-0.705353 -0.128628 -0.013232 1.265966 -6.666364 -3.079324 0.717107
-0.704087 -0.135295 -0.016311 1.341327 -6.651883 -3.077579 0.717153
-0.702745 -0.141947 -0.019389 1.416531 -6.636692 -3.075504 0.717200
-0.701329 -0.148583 -0.022464 1.491567 -6.620795 -3.073100 0.717247
-0.699837 -0.155204 -0.025537 1.566430 -6.604193 -3.070368 0.717296
-0.698271 -0.161808 -0.028608 1.641109 -6.586887 -3.067309 0.717344
-0.696630 -0.168395 -0.031675 1.715598 -6.568881 -3.063922 0.717393
-0.694914 -0.174964 -0.034739 1.789887 -6.550177 -3.060208 0.717443
-0.693124 -0.181514 -0.037799 1.863970 -6.530776 -3.056168 0.717494
-0.691260 -0.188045 -0.040855 1.937837 -6.510682 -3.051802 0.717545
-0.689323 -0.194556 -0.043907 2.011482 -6.489896 -3.047111 0.717597
-0.687311 -0.201046 -0.046954 2.084895 -6.468422 -3.042096 0.717649
-0.685226 -0.207514 -0.049996 2.158070 -6.446262 -3.036757 0.717702
-0.683068 -0.213960 -0.053033 2.230998 -6.423418 -3.031095 0.717756
-0.680837 -0.220384 -0.056064 2.303671 -6.399894 -3.025111 0.717810
-0.678533 -0.226784 -0.059089 2.376082 -6.375693 -3.018805 0.717865
-0.676157 -0.233159 -0.062108 2.448222 -6.350817 -3.012178 0.717920
-0.673709 -0.239510 -0.065120 2.520085 -6.325269 -3.005232 0.717976
-0.671189 -0.245835 -0.068126 2.591662 -6.299053 -2.997967 0.718033
-0.668597 -0.252134 -0.071124 2.662945 -6.272171 -2.990384 0.718090
-0.665934 -0.258407 -0.074114 2.733927 -6.244627 -2.982484 0.718147
-0.663201 -0.264651 -0.077096 2.804601 -6.216425 -2.974269 0.718205
-0.660396 -0.270868 -0.080071 2.874959 -6.187567 -2.965738 0.718264
-0.657521 -0.277055 -0.083036 2.944993 -6.158057 -2.956893 0.718323
-0.654576 -0.283213 -0.085993 3.014696 -6.127899 -2.947736 0.718383
-0.651561 -0.289341 -0.088941 3.084060 -6.097096 -2.938268 0.718443
-0.648477 -0.295438 -0.091879 3.153079 -6.065652 -2.928489 0.718504
-0.645324 -0.301504 -0.094808 3.221745 -6.033570 -2.918401 0.718566
-0.642102 -0.307538 -0.097726 3.290050 -6.000855 -2.908005 0.718627
-0.638812 -0.313538 -0.100634 3.357987 -5.967511 -2.897303 0.718690
-0.635454 -0.319506 -0.103532 3.425550 -5.933540 -2.886295 0.718752
-0.632029 -0.325439 -0.106418 3.492730 -5.898948 -2.874983 0.718816
-0.628536 -0.331338 -0.109293 3.559522 -5.863738 -2.863369 0.718879
-0.624977 -0.337202 -0.112156 3.625917 -5.827915 -2.851454 0.718944
-0.621351 -0.343030 -0.115008 3.691910 -5.791483 -2.839240 0.719008
-0.617659 -0.348822 -0.117847 3.757492 -5.754445 -2.826727 0.719073
-0.613901 -0.354576 -0.120674 3.822658 -5.716807 -2.813917 0.719139
-0.610079 -0.360293 -0.123488 3.887400 -5.678572 -2.800812 0.719205
-0.606191 -0.365971 -0.126288 3.951712 -5.639745 -2.787414 0.719271
-0.602239 -0.371611 -0.129076 4.015587 -5.600332 -2.773724 0.719338
-0.598224 -0.377211 -0.131850 4.079018 -5.560335 -2.759744 0.719406
-0.594145 -0.382772 -0.134609 4.141999 -5.519760 -2.745475 0.719473
-0.590003 -0.388292 -0.137355 4.204523 -5.478612 -2.730919 0.719541
-0.585798 -0.393770 -0.140086 4.266583 -5.436895 -2.716078 0.719610
-0.581532 -0.399207 -0.142802 4.328174 -5.394615 -2.700954 0.719679
-0.577204 -0.404602 -0.145503 4.389289 -5.351775 -2.685548 0.719748
-0.572814 -0.409953 -0.148188 4.449922 -5.308381 -2.669862 0.719818
-0.568364 -0.415262 -0.150858 4.510066 -5.264439 -2.653899 0.719888
-0.563854 -0.420526 -0.153512 4.569715 -5.219952 -2.637659 0.719958
-0.559285 -0.425746 -0.156150 4.628863 -5.174926 -2.621145 0.720029
-0.554656 -0.430921 -0.158771 4.687505 -5.129367 -2.604359 0.720100
-0.549968 -0.436050 -0.161375 4.745633 -5.083279 -2.587302 0.720171
-0.545223 -0.441134 -0.163962 4.803243 -5.036667 -2.569977 0.720243
-0.540419 -0.446170 -0.166532 4.860328 -4.989538 -2.552386 0.720315
-0.535559 -0.451160 -0.169085 4.916883 -4.941896 -2.534531 0.720388
-0.530642 -0.456102 -0.171619 4.972901 -4.893746 -2.516414 0.720460
-0.525669 -0.460996 -0.174136 5.028378 -4.845095 -2.498036 0.720533
-0.520641 -0.465841 -0.176634 5.083307 -4.795947 -2.479401 0.720607
-0.515558 -0.470637 -0.179113 5.137683 -4.746309 -2.460510 0.720680
-0.510420 -0.475383 -0.181574 5.191501 -4.696185 -2.441365 0.720754
-0.505228 -0.480079 -0.184015 5.244755 -4.645582 -2.421969 0.720828
-0.499984 -0.484725 -0.186437 5.297440 -4.594505 -2.402323 0.720902
-0.494686 -0.489319 -0.188839 5.349550 -4.542960 -2.382431 0.720977
-0.489337 -0.493862 -0.191222 5.401081 -4.490953 -2.362294 0.721052
-0.483936 -0.498353 -0.193584 5.452028 -4.438488 -2.341914 0.721127
-0.478483 -0.502792 -0.195926 5.502384 -4.385574 -2.321294 0.721202
-0.472981 -0.507177 -0.198247 5.552146 -4.332214 -2.300437 0.721278
-0.467429 -0.511509 -0.200548 5.601308 -4.278416 -2.279344 0.721354
-0.461828 -0.515788 -0.202827 5.649866 -4.224185 -2.258019 0.721430
-0.456178 -0.520012 -0.205085 5.697814 -4.169527 -2.236462 0.721506
-0.450480 -0.524182 -0.207322 5.745149 -4.114448 -2.214678 0.721582
-0.444735 -0.528296 -0.209536 5.791864 -4.058955 -2.192668 0.721659
-0.438943 -0.532355 -0.211729 5.837957 -4.003053 -2.170434 0.721735
-0.433105 -0.536358 -0.213899 5.883423 -3.946748 -2.147980 0.721812
-0.427222 -0.540305 -0.216047 5.928256 -3.890048 -2.125308 0.721889
-0.421293 -0.544195 -0.218173 5.972453 -3.832957 -2.102420 0.721966
-0.415321 -0.548028 -0.220275 6.016010 -3.775483 -2.079318 0.722044
-0.409305 -0.551803 -0.222354 6.058921 -3.717632 -2.056007 0.722121
-0.403246 -0.555521 -0.224410 6.101184 -3.659409 -2.032487 0.722199
-0.397145 -0.559180 -0.226443 6.142795 -3.600822 -2.008762 0.722276
-0.391002 -0.562781 -0.228452 6.183748 -3.541877 -1.984834 0.722354
-0.384818 -0.566323 -0.230436 6.224040 -3.482580 -1.960706 0.722432
-0.378594 -0.569806 -0.232397 6.263668 -3.422938 -1.936381 0.722510
-0.372330 -0.573228 -0.234334 6.302628 -3.362956 -1.911861 0.722588
-0.366028 -0.576591 -0.236245 6.340916 -3.302643 -1.887148 0.722666
-0.359687 -0.579894 -0.238133 6.378528 -3.242003 -1.862247 0.722744
-0.353308 -0.583136 -0.239995 6.415462 -3.181045 -1.837159 0.722822
-0.346893 -0.586317 -0.241832 6.451713 -3.119773 -1.811887 0.722901
-0.340441 -0.589437 -0.243644 6.487278 -3.058196 -1.786434 0.722979
-0.333954 -0.592495 -0.245430 6.522154 -2.996320 -1.760803 0.723057
-0.327432 -0.595491 -0.247191 6.556338 -2.934150 -1.734996 0.723136
-0.320875 -0.598426 -0.248926 6.589826 -2.871695 -1.709017 0.723214
-0.314286 -0.601297 -0.250635 6.622617 -2.808960 -1.682867 0.723292
-0.307663 -0.604106 -0.252318 6.654705 -2.745953 -1.656551 0.723371
-0.301008 -0.606852 -0.253975 6.686090 -2.682680 -1.630070 0.723449
-0.294322 -0.609535 -0.255605 6.716767 -2.619148 -1.603429 0.723528
-0.287605 -0.612154 -0.257208 6.746735 -2.555364 -1.576628 0.723606
-0.280859 -0.614709 -0.258785 6.775990 -2.491334 -1.549673 0.723684
-0.274083 -0.617201 -0.260334 6.804530 -2.427065 -1.522564 0.723762
-0.267278 -0.619628 -0.261857 6.832352 -2.362565 -1.495306 0.723841
-0.260446 -0.621990 -0.263352 6.859454 -2.297840 -1.467901 0.723919
-0.253586 -0.624288 -0.264820 6.885834 -2.232896 -1.440353 0.723997
-0.246701 -0.626521 -0.266260 6.911490 -2.167742 -1.412663 0.724075
-0.239789 -0.628689 -0.267673 6.936418 -2.102383 -1.384836 0.724153
-0.232853 -0.630791 -0.269058 6.960618 -2.036826 -1.356873 0.724231
-0.225892 -0.632828 -0.270415 6.984087 -1.971080 -1.328779 0.724308
-0.218908 -0.634799 -0.271744 7.006823 -1.905149 -1.300556 0.724386
-0.211901 -0.636704 -0.273044 7.028824 -1.839042 -1.272206 0.724464
-0.204872 -0.638543 -0.274316 7.050088 -1.772765 -1.243734 0.724541
-0.197822 -0.640316 -0.275560 7.070614 -1.706326 -1.215142 0.724618
-0.190752 -0.642022 -0.276775 7.090401 -1.639731 -1.186433 0.724695
-0.183661 -0.643662 -0.277962 7.109445 -1.572987 -1.157610 0.724772
-0.176552 -0.645235 -0.279119 7.127747 -1.506101 -1.128676 0.724849
-0.169424 -0.646741 -0.280248 7.145304 -1.439080 -1.099634 0.724926
-0.162279 -0.648180 -0.281348 7.162115 -1.371931 -1.070488 0.725002
-0.155117 -0.649552 -0.282418 7.178180 -1.304662 -1.041240 0.725079
-0.147938 -0.650857 -0.283459 7.193496 -1.237278 -1.011893 0.725155
-0.140745 -0.652094 -0.284471 7.208062 -1.169788 -0.982451 0.725231
-0.133537 -0.653264 -0.285454 7.221879 -1.102198 -0.952916 0.725307
-0.126315 -0.654366 -0.286407 7.234944 -1.034515 -0.923292 0.725382
-0.119080 -0.655401 -0.287330 7.247257 -0.966746 -0.893582 0.725457
-0.111833 -0.656367 -0.288223 7.258817 -0.898898 -0.863789 0.725533
-0.104574 -0.657266 -0.289087 7.269623 -0.830978 -0.833916 0.725607
-0.097304 -0.658097 -0.289921 7.279675 -0.762994 -0.803965 0.725682
-0.090025 -0.658860 -0.290725 7.288972 -0.694951 -0.773941 0.725756
-0.082736 -0.659555 -0.291499 7.297514 -0.626858 -0.743847 0.725831
-0.075438 -0.660182 -0.292243 7.305300 -0.558720 -0.713684 0.725904
-0.068133 -0.660741 -0.292957 7.312330 -0.490546 -0.683457 0.725978
-0.060821 -0.661231 -0.293640 7.318603 -0.422342 -0.653169 0.726051
-0.053502 -0.661654 -0.294293 7.324120 -0.354115 -0.622823 0.726124
-0.046178 -0.662008 -0.294916 7.328881 -0.285872 -0.592421 0.726197
-0.038849 -0.662294 -0.295508 7.332884 -0.217619 -0.561968 0.726270
-0.031516 -0.662511 -0.296070 7.336131 -0.149365 -0.531466 0.726342
-0.024180 -0.662661 -0.296602 7.338621 -0.081116 -0.500918 0.726413
-0.016841 -0.662742 -0.297103 7.340355 -0.012878 -0.470327 0.726485
-0.009501 -0.662755 -0.297573 7.341333 0.055341 -0.439697 0.726556
-0.002160 -0.662699 -0.298013 7.341556 0.123534 -0.409031 0.726627
0.005182 -0.662576 -0.298422 7.341023 0.191695 -0.378332 0.726697
0.012523 -0.662384 -0.298800 7.339735 0.259816 -0.347602 0.726768
0.019863 -0.662124 -0.299148 7.337693 0.327891 -0.316846 0.726837
0.027200 -0.661796 -0.299465 7.334897 0.395913 -0.286066 0.726907
0.034535 -0.661400 -0.299751 7.331348 0.463875 -0.255265 0.726976
0.041867 -0.660937 -0.300006 7.327047 0.531770 -0.224447 0.727044
0.049194 -0.660405 -0.300230 7.321995 0.599591 -0.193615 0.727113
0.056516 -0.659805 -0.300424 7.316193 0.667331 -0.162771 0.727181
0.063832 -0.659138 -0.300587 7.309641 0.734985 -0.131919 0.727248
0.071142 -0.658403 -0.300719 7.302342 0.802544 -0.101062 0.727315
