a         exponente  logaritmo     seno     coseno     raiz
1.000000 2.718282 0.000000 0.841471 0.540302 1.000000
2.000000 7.389056 0.693147 0.909297 -0.416147 1.414214
3.000000 20.085537 1.098612 0.141120 -0.989992 1.732051
4.000000 54.598148 1.386294 -0.756802 -0.653644 2.000000
5.000000 148.413162 1.609438 -0.958924 0.283662 2.236068
6.000000 403.428802 1.791759 -0.279415 0.960170 2.449490
7.000000 1096.633179 1.945910 0.656987 0.753902 2.645751
8.000000 2980.958008 2.079442 0.989358 -0.145500 2.828427
9.000000 8103.083984 2.197225 0.412118 -0.911130 3.000000
